<END>	<START>	HashMap	containsKey:FALSE	containsKey:TRUE	entrySet	get	put	putAll	remove	size	values
XID:0	-3.0 -3.0 -3.0 -3.0 -3.0 -3.0 -3.0 -3.0 -3.0 -3.0 -3.0 -3.0 -4.45532189038065 -5.553483025914626 -0.00019286957017878835 -5.870068542309033 -4.01752659565665 -3.7603402184684507 -4.903921152889394 -5.92758832932622 -5.812789600349947 -4.173823441707895 -4.323310961920057 -5.320599361219113
XID:1	-3.0 -3.0 -0.0004345117740176917 -3.0 -3.0 -3.0 -3.0 -3.0 -3.0 -3.0 -3.0 -3.0 -2.4592589540512466 -5.7206662036261635 -6.734708016412226 -2.4755662276897152 -3.987255547131026 -2.9519701557731888 -2.116891293592089 -0.019748855661299122 -2.6039053147873834 -2.0264985366849846 -2.7718127340042558 -1.8185766237616805
XID:2	-3.0 -3.0 -0.0004345117740176917 -3.0 -3.0 -3.0 -3.0 -3.0 -3.0 -3.0 -3.0 -0.0004345117740176917 -4.23936494526813 -8.478255374264016 -10.679041989010264 -3.834562762923343 -6.51840833230125 -4.5654853861692475 -4.975896252420923 -3.5736872256594805 -4.685277682388733 -5.091850214238654 -4.771956566490159 -0.00024110034899360098
XID:3	-3.0 -3.0 -0.0004345117740176917 -3.0 -3.0 -3.0 -3.0 -3.0 -3.0 -3.0 -0.0004345117740176917 -3.0 -4.485332733194511 -8.848811015739479 -5.387050930954819 -3.973671061277651 -4.7695127602108744 -3.210532811456737 -4.256244936016848 -4.799746109227195 -4.7181533767463595 -4.29453571449462 -0.000428425607707819 -4.160554007381204
XID:4	-3.0 -3.0 -0.0004345117740176917 -3.0 -3.0 -3.0 -3.0 -3.0 -3.0 -3.0 -0.0004345117740176917 -0.0004345117740176917 -4.485332733194511 -8.848811015739479 -5.387050930954819 -3.973671061277651 -4.7695127602108744 -3.210532811456737 -4.256244936016848 -4.799746109227195 -4.7181533767463595 -4.29453571449462 -0.000428425607707819 -4.160554007381204
XID:5	-3.0 -3.0 -0.0004345117740176917 -3.0 -3.0 -3.0 -3.0 -3.0 -3.0 -0.0004345117740176917 -3.0 -3.0 -5.493723675055932 -12.363339623696072 -8.474613077769286 -4.573833708679729 -6.284668662094859 -6.0773134590265165 -5.3831633369150085 -4.7127044956755295 -5.508936811065918 -2.7361414253519235e-05 -5.408300006331158 -5.79144041115915
XID:6	-3.0 -3.0 -0.0004345117740176917 -3.0 -3.0 -3.0 -3.0 -3.0 -3.0 -0.0004345117740176917 -3.0 -0.0004345117740176917 -5.493723675055932 -12.363339623696072 -8.474613077769286 -4.573833708679729 -6.284668662094859 -6.0773134590265165 -5.3831633369150085 -4.7127044956755295 -5.508936811065918 -2.7361414253519235e-05 -5.408300006331158 -5.79144041115915
XID:7	-3.0 -3.0 -0.0004345117740176917 -3.0 -3.0 -3.0 -3.0 -3.0 -3.0 -0.0004345117740176917 -0.0004345117740176917 -3.0 -4.485332733194511 -8.848811015739479 -5.387050930954819 -3.973671061277651 -4.7695127602108744 -3.210532811456737 -4.256244936016848 -4.799746109227195 -4.7181533767463595 -4.29453571449462 -0.000428425607707819 -4.160554007381204
XID:8	-3.0 -3.0 -0.0004345117740176917 -3.0 -3.0 -3.0 -3.0 -3.0 -0.0004345117740176917 -3.0 -3.0 -3.0 -4.307193605019404 -9.286487616726928 -7.581572748396418 -4.687494718444739 -5.207625122226436 -5.065314741312938 -4.952986177245046 -4.8979644084896785 -7.818004315755637e-05 -4.354956183678785 -5.841580208940667 -4.578651131515224
XID:9	-3.0 -3.0 -0.0004345117740176917 -3.0 -3.0 -3.0 -3.0 -3.0 -0.0004345117740176917 -3.0 -3.0 -0.0004345117740176917 -4.23936494526813 -8.478255374264016 -10.679041989010264 -3.834562762923343 -6.51840833230125 -4.5654853861692475 -4.975896252420923 -3.5736872256594805 -4.685277682388733 -5.091850214238654 -4.771956566490159 -0.00024110034899360098
XID:10	-3.0 -3.0 -0.0004345117740176917 -3.0 -3.0 -3.0 -3.0 -3.0 -0.0004345117740176917 -3.0 -0.0004345117740176917 -3.0 -4.485332733194511 -8.848811015739479 -5.387050930954819 -3.973671061277651 -4.7695127602108744 -3.210532811456737 -4.256244936016848 -4.799746109227195 -4.7181533767463595 -4.29453571449462 -0.000428425607707819 -4.160554007381204
XID:11	-3.0 -3.0 -0.0004345117740176917 -3.0 -3.0 -3.0 -3.0 -3.0 -0.0004345117740176917 -3.0 -0.0004345117740176917 -0.0004345117740176917 -4.485332733194511 -8.848811015739479 -5.387050930954819 -3.973671061277651 -4.7695127602108744 -3.210532811456737 -4.256244936016848 -4.799746109227195 -4.7181533767463595 -4.29453571449462 -0.000428425607707819 -4.160554007381204
XID:12	-3.0 -3.0 -0.0004345117740176917 -3.0 -3.0 -3.0 -3.0 -3.0 -0.0004345117740176917 -0.0004345117740176917 -3.0 -3.0 -4.307193605019404 -9.286487616726928 -7.581572748396418 -4.687494718444739 -5.207625122226436 -5.065314741312938 -4.952986177245046 -4.8979644084896785 -7.818004315755637e-05 -4.354956183678785 -5.841580208940667 -4.578651131515224
XID:13	-3.0 -3.0 -0.0004345117740176917 -3.0 -3.0 -3.0 -3.0 -3.0 -0.0004345117740176917 -0.0004345117740176917 -0.0004345117740176917 -3.0 -4.307193605019404 -9.286487616726928 -7.581572748396418 -4.687494718444739 -5.207625122226436 -5.065314741312938 -4.952986177245046 -4.8979644084896785 -7.818004315755637e-05 -4.354956183678785 -5.841580208940667 -4.578651131515224
XID:14	-3.0 -3.0 -0.0004345117740176917 -3.0 -3.0 -3.0 -3.0 -0.0004345117740176917 -3.0 -3.0 -3.0 -3.0 -4.70464405146209 -10.757376590207047 -7.743980186619878 -6.11155203440738 -6.248152988542441 -5.6936929449969504 -4.0321123960601595 -8.643320228761783e-05 -5.41994448303701 -5.505792514361711 -4.581811440962059 -4.303946936856882
XID:15	-3.0 -3.0 -0.0004345117740176917 -3.0 -3.0 -3.0 -3.0 -0.0004345117740176917 -3.0 -3.0 -3.0 -0.0004345117740176917 -4.70464405146209 -10.757376590207047 -7.743980186619878 -6.11155203440738 -6.248152988542441 -5.6936929449969504 -4.0321123960601595 -8.643320228761783e-05 -5.41994448303701 -5.505792514361711 -4.581811440962059 -4.303946936856882
XID:16	-3.0 -3.0 -0.0004345117740176917 -3.0 -3.0 -3.0 -3.0 -0.0004345117740176917 -3.0 -3.0 -3.0 -0.0004345117740176917 -4.23936494526813 -8.478255374264016 -10.679041989010264 -3.834562762923343 -6.51840833230125 -4.5654853861692475 -4.975896252420923 -3.5736872256594805 -4.685277682388733 -5.091850214238654 -4.771956566490159 -0.00024110034899360098
XID:17	-3.0 -3.0 -0.0004345117740176917 -3.0 -3.0 -3.0 -3.0 -0.0004345117740176917 -3.0 -3.0 -0.0004345117740176917 -3.0 -4.485332733194511 -8.848811015739479 -5.387050930954819 -3.973671061277651 -4.7695127602108744 -3.210532811456737 -4.256244936016848 -4.799746109227195 -4.7181533767463595 -4.29453571449462 -0.000428425607707819 -4.160554007381204
XID:18	-3.0 -3.0 -0.0004345117740176917 -3.0 -3.0 -3.0 -3.0 -0.0004345117740176917 -3.0 -0.0004345117740176917 -0.0004345117740176917 -3.0 -5.493723675055932 -12.363339623696072 -8.474613077769286 -4.573833708679729 -6.284668662094859 -6.0773134590265165 -5.3831633369150085 -4.7127044956755295 -5.508936811065918 -2.7361414253519235e-05 -5.408300006331158 -5.79144041115915
XID:19	-3.0 -3.0 -0.0004345117740176917 -3.0 -3.0 -3.0 -3.0 -0.0004345117740176917 -3.0 -0.0004345117740176917 -0.0004345117740176917 -3.0 -4.70464405146209 -10.757376590207047 -7.743980186619878 -6.11155203440738 -6.248152988542441 -5.6936929449969504 -4.0321123960601595 -8.643320228761783e-05 -5.41994448303701 -5.505792514361711 -4.581811440962059 -4.303946936856882
XID:20	-3.0 -3.0 -0.0004345117740176917 -3.0 -3.0 -3.0 -3.0 -0.0004345117740176917 -0.0004345117740176917 -3.0 -3.0 -3.0 -4.307193605019404 -9.286487616726928 -7.581572748396418 -4.687494718444739 -5.207625122226436 -5.065314741312938 -4.952986177245046 -4.8979644084896785 -7.818004315755637e-05 -4.354956183678785 -5.841580208940667 -4.578651131515224
XID:21	-3.0 -3.0 -0.0004345117740176917 -3.0 -3.0 -3.0 -3.0 -0.0004345117740176917 -0.0004345117740176917 -3.0 -3.0 -0.0004345117740176917 -4.307193605019404 -9.286487616726928 -7.581572748396418 -4.687494718444739 -5.207625122226436 -5.065314741312938 -4.952986177245046 -4.8979644084896785 -7.818004315755637e-05 -4.354956183678785 -5.841580208940667 -4.578651131515224
XID:22	-3.0 -3.0 -0.0004345117740176917 -3.0 -3.0 -3.0 -3.0 -0.0004345117740176917 -0.0004345117740176917 -0.0004345117740176917 -3.0 -3.0 -5.493723675055932 -12.363339623696072 -8.474613077769286 -4.573833708679729 -6.284668662094859 -6.0773134590265165 -5.3831633369150085 -4.7127044956755295 -5.508936811065918 -2.7361414253519235e-05 -5.408300006331158 -5.79144041115915
XID:23	-3.0 -3.0 -0.0004345117740176917 -3.0 -3.0 -3.0 -0.0004345117740176917 -3.0 -3.0 -3.0 -3.0 -3.0 -4.950809121583204 -9.300700925148673 -7.672974322858325 -5.236456709070324 -6.139603292762857 -5.364507205477628 -3.7785263608361476e-05 -4.714579976747833 -5.568985420263827 -5.645307769675077 -4.5823439991135775 -4.83077537292296
XID:24	-3.0 -3.0 -0.0004345117740176917 -3.0 -3.0 -3.0 -0.0004345117740176917 -3.0 -3.0 -3.0 -0.0004345117740176917 -3.0 -4.950809121583204 -9.300700925148673 -7.672974322858325 -5.236456709070324 -6.139603292762857 -5.364507205477628 -3.7785263608361476e-05 -4.714579976747833 -5.568985420263827 -5.645307769675077 -4.5823439991135775 -4.83077537292296
XID:25	-3.0 -3.0 -0.0004345117740176917 -3.0 -3.0 -3.0 -0.0004345117740176917 -3.0 -3.0 -0.0004345117740176917 -3.0 -3.0 -4.950809121583204 -9.300700925148673 -7.672974322858325 -5.236456709070324 -6.139603292762857 -5.364507205477628 -3.7785263608361476e-05 -4.714579976747833 -5.568985420263827 -5.645307769675077 -4.5823439991135775 -4.83077537292296
XID:26	-3.0 -3.0 -0.0004345117740176917 -3.0 -3.0 -3.0 -0.0004345117740176917 -3.0 -0.0004345117740176917 -3.0 -3.0 -3.0 -4.950809121583204 -9.300700925148673 -7.672974322858325 -5.236456709070324 -6.139603292762857 -5.364507205477628 -3.7785263608361476e-05 -4.714579976747833 -5.568985420263827 -5.645307769675077 -4.5823439991135775 -4.83077537292296
XID:27	-3.0 -3.0 -0.0004345117740176917 -3.0 -3.0 -3.0 -0.0004345117740176917 -3.0 -0.0004345117740176917 -3.0 -3.0 -0.0004345117740176917 -4.950809121583204 -9.300700925148673 -7.672974322858325 -5.236456709070324 -6.139603292762857 -5.364507205477628 -3.7785263608361476e-05 -4.714579976747833 -5.568985420263827 -5.645307769675077 -4.5823439991135775 -4.83077537292296
XID:28	-3.0 -3.0 -0.0004345117740176917 -3.0 -3.0 -3.0 -0.0004345117740176917 -0.0004345117740176917 -3.0 -3.0 -3.0 -3.0 -4.950809121583204 -9.300700925148673 -7.672974322858325 -5.236456709070324 -6.139603292762857 -5.364507205477628 -3.7785263608361476e-05 -4.714579976747833 -5.568985420263827 -5.645307769675077 -4.5823439991135775 -4.83077537292296
XID:29	-3.0 -3.0 -0.0004345117740176917 -3.0 -3.0 -3.0 -0.0004345117740176917 -0.0004345117740176917 -3.0 -3.0 -3.0 -0.0004345117740176917 -4.23936494526813 -8.478255374264016 -10.679041989010264 -3.834562762923343 -6.51840833230125 -4.5654853861692475 -4.975896252420923 -3.5736872256594805 -4.685277682388733 -5.091850214238654 -4.771956566490159 -0.00024110034899360098
XID:30	-3.0 -3.0 -0.0004345117740176917 -3.0 -3.0 -3.0 -0.0004345117740176917 -0.0004345117740176917 -3.0 -3.0 -0.0004345117740176917 -3.0 -4.70464405146209 -10.757376590207047 -7.743980186619878 -6.11155203440738 -6.248152988542441 -5.6936929449969504 -4.0321123960601595 -8.643320228761783e-05 -5.41994448303701 -5.505792514361711 -4.581811440962059 -4.303946936856882
XID:31	-3.0 -3.0 -0.0004345117740176917 -3.0 -3.0 -3.0 -0.0004345117740176917 -0.0004345117740176917 -3.0 -3.0 -0.0004345117740176917 -3.0 -4.485332733194511 -8.848811015739479 -5.387050930954819 -3.973671061277651 -4.7695127602108744 -3.210532811456737 -4.256244936016848 -4.799746109227195 -4.7181533767463595 -4.29453571449462 -0.000428425607707819 -4.160554007381204
XID:32	-3.0 -3.0 -0.0004345117740176917 -3.0 -3.0 -3.0 -0.0004345117740176917 -0.0004345117740176917 -3.0 -3.0 -0.0004345117740176917 -0.0004345117740176917 -4.485332733194511 -8.848811015739479 -5.387050930954819 -3.973671061277651 -4.7695127602108744 -3.210532811456737 -4.256244936016848 -4.799746109227195 -4.7181533767463595 -4.29453571449462 -0.000428425607707819 -4.160554007381204
XID:33	-3.0 -3.0 -0.0004345117740176917 -3.0 -3.0 -3.0 -0.0004345117740176917 -0.0004345117740176917 -3.0 -3.0 -0.0004345117740176917 -0.0004345117740176917 -4.23936494526813 -8.478255374264016 -10.679041989010264 -3.834562762923343 -6.51840833230125 -4.5654853861692475 -4.975896252420923 -3.5736872256594805 -4.685277682388733 -5.091850214238654 -4.771956566490159 -0.00024110034899360098
XID:34	-3.0 -3.0 -0.0004345117740176917 -3.0 -3.0 -3.0 -0.0004345117740176917 -0.0004345117740176917 -3.0 -0.0004345117740176917 -3.0 -3.0 -5.493723675055932 -12.363339623696072 -8.474613077769286 -4.573833708679729 -6.284668662094859 -6.0773134590265165 -5.3831633369150085 -4.7127044956755295 -5.508936811065918 -2.7361414253519235e-05 -5.408300006331158 -5.79144041115915
XID:35	-3.0 -3.0 -0.0004345117740176917 -3.0 -3.0 -3.0 -0.0004345117740176917 -0.0004345117740176917 -0.0004345117740176917 -3.0 -3.0 -3.0 -4.70464405146209 -10.757376590207047 -7.743980186619878 -6.11155203440738 -6.248152988542441 -5.6936929449969504 -4.0321123960601595 -8.643320228761783e-05 -5.41994448303701 -5.505792514361711 -4.581811440962059 -4.303946936856882
XID:36	-3.0 -3.0 -0.0004345117740176917 -3.0 -3.0 -3.0 -0.0004345117740176917 -0.0004345117740176917 -0.0004345117740176917 -3.0 -3.0 -3.0 -4.307193605019404 -9.286487616726928 -7.581572748396418 -4.687494718444739 -5.207625122226436 -5.065314741312938 -4.952986177245046 -4.8979644084896785 -7.818004315755637e-05 -4.354956183678785 -5.841580208940667 -4.578651131515224
XID:37	-3.0 -3.0 -0.0004345117740176917 -3.0 -3.0 -0.0004345117740176917 -3.0 -3.0 -3.0 -3.0 -3.0 -0.0004345117740176917 -4.250517998885311 -10.928287326940556 -5.868599499926915 -4.579041413868867 -8.487251584745023 -8.860511233702779e-05 -4.660699643921002 -4.9862487678428895 -4.473696915325032 -4.9633232071525155 -4.557327428174607 -4.79204803798571
XID:38	-3.0 -3.0 -0.0004345117740176917 -3.0 -3.0 -0.0004345117740176917 -3.0 -3.0 -3.0 -0.0004345117740176917 -3.0 -3.0 -4.250517998885311 -10.928287326940556 -5.868599499926915 -4.579041413868867 -8.487251584745023 -8.860511233702779e-05 -4.660699643921002 -4.9862487678428895 -4.473696915325032 -4.9633232071525155 -4.557327428174607 -4.79204803798571
XID:39	-3.0 -3.0 -0.0004345117740176917 -3.0 -3.0 -0.0004345117740176917 -3.0 -3.0 -0.0004345117740176917 -3.0 -3.0 -3.0 -4.250517998885311 -10.928287326940556 -5.868599499926915 -4.579041413868867 -8.487251584745023 -8.860511233702779e-05 -4.660699643921002 -4.9862487678428895 -4.473696915325032 -4.9633232071525155 -4.557327428174607 -4.79204803798571
XID:40	-3.0 -3.0 -0.0004345117740176917 -3.0 -3.0 -0.0004345117740176917 -3.0 -3.0 -0.0004345117740176917 -3.0 -3.0 -0.0004345117740176917 -4.23936494526813 -8.478255374264016 -10.679041989010264 -3.834562762923343 -6.51840833230125 -4.5654853861692475 -4.975896252420923 -3.5736872256594805 -4.685277682388733 -5.091850214238654 -4.771956566490159 -0.00024110034899360098
XID:41	-3.0 -3.0 -0.0004345117740176917 -3.0 -3.0 -0.0004345117740176917 -3.0 -3.0 -0.0004345117740176917 -3.0 -0.0004345117740176917 -3.0 -4.485332733194511 -8.848811015739479 -5.387050930954819 -3.973671061277651 -4.7695127602108744 -3.210532811456737 -4.256244936016848 -4.799746109227195 -4.7181533767463595 -4.29453571449462 -0.000428425607707819 -4.160554007381204
XID:42	-3.0 -3.0 -0.0004345117740176917 -3.0 -3.0 -0.0004345117740176917 -3.0 -0.0004345117740176917 -3.0 -3.0 -3.0 -3.0 -4.250517998885311 -10.928287326940556 -5.868599499926915 -4.579041413868867 -8.487251584745023 -8.860511233702779e-05 -4.660699643921002 -4.9862487678428895 -4.473696915325032 -4.9633232071525155 -4.557327428174607 -4.79204803798571
XID:43	-3.0 -3.0 -0.0004345117740176917 -3.0 -3.0 -0.0004345117740176917 -3.0 -0.0004345117740176917 -3.0 -0.0004345117740176917 -3.0 -3.0 -5.493723675055932 -12.363339623696072 -8.474613077769286 -4.573833708679729 -6.284668662094859 -6.0773134590265165 -5.3831633369150085 -4.7127044956755295 -5.508936811065918 -2.7361414253519235e-05 -5.408300006331158 -5.79144041115915
XID:44	-3.0 -3.0 -0.0004345117740176917 -3.0 -3.0 -0.0004345117740176917 -3.0 -0.0004345117740176917 -0.0004345117740176917 -3.0 -3.0 -3.0 -4.307193605019404 -9.286487616726928 -7.581572748396418 -4.687494718444739 -5.207625122226436 -5.065314741312938 -4.952986177245046 -4.8979644084896785 -7.818004315755637e-05 -4.354956183678785 -5.841580208940667 -4.578651131515224
XID:45	-3.0 -3.0 -0.0004345117740176917 -3.0 -3.0 -0.0004345117740176917 -0.0004345117740176917 -0.0004345117740176917 -3.0 -3.0 -3.0 -3.0 -4.950809121583204 -9.300700925148673 -7.672974322858325 -5.236456709070324 -6.139603292762857 -5.364507205477628 -3.7785263608361476e-05 -4.714579976747833 -5.568985420263827 -5.645307769675077 -4.5823439991135775 -4.83077537292296
XID:46	-3.0 -3.0 -0.0004345117740176917 -3.0 -3.0 -0.0004345117740176917 -0.0004345117740176917 -0.0004345117740176917 -3.0 -3.0 -3.0 -3.0 -4.250517998885311 -10.928287326940556 -5.868599499926915 -4.579041413868867 -8.487251584745023 -8.860511233702779e-05 -4.660699643921002 -4.9862487678428895 -4.473696915325032 -4.9633232071525155 -4.557327428174607 -4.79204803798571
XID:47	-3.0 -3.0 -0.0004345117740176917 -3.0 -3.0 -0.0004345117740176917 -0.0004345117740176917 -0.0004345117740176917 -3.0 -3.0 -0.0004345117740176917 -3.0 -4.70464405146209 -10.757376590207047 -7.743980186619878 -6.11155203440738 -6.248152988542441 -5.6936929449969504 -4.0321123960601595 -8.643320228761783e-05 -5.41994448303701 -5.505792514361711 -4.581811440962059 -4.303946936856882
XID:48	-3.0 -3.0 -0.0004345117740176917 -3.0 -3.0 -0.0004345117740176917 -0.0004345117740176917 -0.0004345117740176917 -3.0 -3.0 -0.0004345117740176917 -3.0 -4.250517998885311 -10.928287326940556 -5.868599499926915 -4.579041413868867 -8.487251584745023 -8.860511233702779e-05 -4.660699643921002 -4.9862487678428895 -4.473696915325032 -4.9633232071525155 -4.557327428174607 -4.79204803798571
XID:49	-3.0 -3.0 -0.0004345117740176917 -3.0 -0.0004345117740176917 -3.0 -3.0 -3.0 -0.0004345117740176917 -3.0 -0.0004345117740176917 -0.0004345117740176917 -4.184468738282451 -8.222504304982278 -8.651296081024388 -3.9069181781463533 -0.0005649501236701673 -7.3724262644407705 -4.187818879464233 -4.305961947457269 -3.486630556630303 -3.2022243479902146 -4.438796020433381 -5.199555128232415
XID:50	-3.0 -3.0 -0.0004345117740176917 -3.0 -0.0004345117740176917 -3.0 -3.0 -0.0004345117740176917 -0.0004345117740176917 -3.0 -3.0 -0.0004345117740176917 -4.307193605019404 -9.286487616726928 -7.581572748396418 -4.687494718444739 -5.207625122226436 -5.065314741312938 -4.952986177245046 -4.8979644084896785 -7.818004315755637e-05 -4.354956183678785 -5.841580208940667 -4.578651131515224
XID:51	-3.0 -3.0 -0.0004345117740176917 -3.0 -0.0004345117740176917 -3.0 -3.0 -0.0004345117740176917 -0.0004345117740176917 -3.0 -3.0 -0.0004345117740176917 -4.184468738282451 -8.222504304982278 -8.651296081024388 -3.9069181781463533 -0.0005649501236701673 -7.3724262644407705 -4.187818879464233 -4.305961947457269 -3.486630556630303 -3.2022243479902146 -4.438796020433381 -5.199555128232415
XID:52	-3.0 -3.0 -0.0004345117740176917 -3.0 -0.0004345117740176917 -3.0 -3.0 -0.0004345117740176917 -0.0004345117740176917 -3.0 -0.0004345117740176917 -0.0004345117740176917 -4.485332733194511 -8.848811015739479 -5.387050930954819 -3.973671061277651 -4.7695127602108744 -3.210532811456737 -4.256244936016848 -4.799746109227195 -4.7181533767463595 -4.29453571449462 -0.000428425607707819 -4.160554007381204
XID:53	-3.0 -3.0 -0.0004345117740176917 -3.0 -0.0004345117740176917 -3.0 -0.0004345117740176917 -0.0004345117740176917 -3.0 -3.0 -3.0 -3.0 -4.950809121583204 -9.300700925148673 -7.672974322858325 -5.236456709070324 -6.139603292762857 -5.364507205477628 -3.7785263608361476e-05 -4.714579976747833 -5.568985420263827 -5.645307769675077 -4.5823439991135775 -4.83077537292296
XID:54	-3.0 -3.0 -0.0004345117740176917 -3.0 -0.0004345117740176917 -3.0 -0.0004345117740176917 -0.0004345117740176917 -3.0 -3.0 -3.0 -3.0 -4.70464405146209 -10.757376590207047 -7.743980186619878 -6.11155203440738 -6.248152988542441 -5.6936929449969504 -4.0321123960601595 -8.643320228761783e-05 -5.41994448303701 -5.505792514361711 -4.581811440962059 -4.303946936856882
XID:55	-3.0 -3.0 -0.0004345117740176917 -3.0 -0.0004345117740176917 -3.0 -0.0004345117740176917 -0.0004345117740176917 -3.0 -3.0 -3.0 -3.0 -4.184468738282451 -8.222504304982278 -8.651296081024388 -3.9069181781463533 -0.0005649501236701673 -7.3724262644407705 -4.187818879464233 -4.305961947457269 -3.486630556630303 -3.2022243479902146 -4.438796020433381 -5.199555128232415
XID:56	-3.0 -3.0 -0.0004345117740176917 -3.0 -0.0004345117740176917 -3.0 -0.0004345117740176917 -0.0004345117740176917 -3.0 -3.0 -0.0004345117740176917 -0.0004345117740176917 -4.184468738282451 -8.222504304982278 -8.651296081024388 -3.9069181781463533 -0.0005649501236701673 -7.3724262644407705 -4.187818879464233 -4.305961947457269 -3.486630556630303 -3.2022243479902146 -4.438796020433381 -5.199555128232415
XID:57	-3.0 -3.0 -0.0004345117740176917 -3.0 -0.0004345117740176917 -3.0 -0.0004345117740176917 -0.0004345117740176917 -3.0 -0.0004345117740176917 -3.0 -3.0 -5.493723675055932 -12.363339623696072 -8.474613077769286 -4.573833708679729 -6.284668662094859 -6.0773134590265165 -5.3831633369150085 -4.7127044956755295 -5.508936811065918 -2.7361414253519235e-05 -5.408300006331158 -5.79144041115915
XID:58	-3.0 -3.0 -0.0004345117740176917 -3.0 -0.0004345117740176917 -3.0 -0.0004345117740176917 -0.0004345117740176917 -3.0 -0.0004345117740176917 -3.0 -0.0004345117740176917 -4.23936494526813 -8.478255374264016 -10.679041989010264 -3.834562762923343 -6.51840833230125 -4.5654853861692475 -4.975896252420923 -3.5736872256594805 -4.685277682388733 -5.091850214238654 -4.771956566490159 -0.00024110034899360098
XID:59	-3.0 -3.0 -0.0004345117740176917 -3.0 -0.0004345117740176917 -0.0004345117740176917 -3.0 -0.0004345117740176917 -3.0 -3.0 -3.0 -3.0 -4.184468738282451 -8.222504304982278 -8.651296081024388 -3.9069181781463533 -0.0005649501236701673 -7.3724262644407705 -4.187818879464233 -4.305961947457269 -3.486630556630303 -3.2022243479902146 -4.438796020433381 -5.199555128232415
XID:60	-3.0 -3.0 -0.0004345117740176917 -3.0 -0.0004345117740176917 -0.0004345117740176917 -3.0 -0.0004345117740176917 -3.0 -3.0 -3.0 -0.0004345117740176917 -4.23936494526813 -8.478255374264016 -10.679041989010264 -3.834562762923343 -6.51840833230125 -4.5654853861692475 -4.975896252420923 -3.5736872256594805 -4.685277682388733 -5.091850214238654 -4.771956566490159 -0.00024110034899360098
XID:61	-3.0 -3.0 -0.0004345117740176917 -3.0 -0.0004345117740176917 -0.0004345117740176917 -3.0 -0.0004345117740176917 -3.0 -0.0004345117740176917 -3.0 -3.0 -4.184468738282451 -8.222504304982278 -8.651296081024388 -3.9069181781463533 -0.0005649501236701673 -7.3724262644407705 -4.187818879464233 -4.305961947457269 -3.486630556630303 -3.2022243479902146 -4.438796020433381 -5.199555128232415
XID:62	-3.0 -3.0 -0.0004345117740176917 -3.0 -0.0004345117740176917 -0.0004345117740176917 -0.0004345117740176917 -0.0004345117740176917 -3.0 -3.0 -0.0004345117740176917 -3.0 -4.184468738282451 -8.222504304982278 -8.651296081024388 -3.9069181781463533 -0.0005649501236701673 -7.3724262644407705 -4.187818879464233 -4.305961947457269 -3.486630556630303 -3.2022243479902146 -4.438796020433381 -5.199555128232415
XID:63	-3.0 -3.0 -0.0004345117740176917 -0.0004345117740176917 -3.0 -3.0 -3.0 -3.0 -3.0 -3.0 -3.0 -3.0 -4.6991741707253745 -6.688860941711008 -7.6252754767034565 -0.00010250559386506836 -5.551503923323503 -4.720871696027157 -4.261173478473577 -5.412564062998025 -5.29484216212482 -4.309989199379226 -4.7919807807941055 -4.186301614352948
XID:64	-3.0 -3.0 -0.0004345117740176917 -0.0004345117740176917 -3.0 -3.0 -3.0 -3.0 -3.0 -3.0 -3.0 -0.0004345117740176917 -4.6991741707253745 -6.688860941711008 -7.6252754767034565 -0.00010250559386506836 -5.551503923323503 -4.720871696027157 -4.261173478473577 -5.412564062998025 -5.29484216212482 -4.309989199379226 -4.7919807807941055 -4.186301614352948
XID:65	-3.0 -3.0 -0.0004345117740176917 -0.0004345117740176917 -3.0 -3.0 -3.0 -3.0 -3.0 -3.0 -3.0 -0.0004345117740176917 -4.23936494526813 -8.478255374264016 -10.679041989010264 -3.834562762923343 -6.51840833230125 -4.5654853861692475 -4.975896252420923 -3.5736872256594805 -4.685277682388733 -5.091850214238654 -4.771956566490159 -0.00024110034899360098
XID:66	-3.0 -3.0 -0.0004345117740176917 -0.0004345117740176917 -3.0 -3.0 -3.0 -3.0 -3.0 -3.0 -0.0004345117740176917 -0.0004345117740176917 -4.6991741707253745 -6.688860941711008 -7.6252754767034565 -0.00010250559386506836 -5.551503923323503 -4.720871696027157 -4.261173478473577 -5.412564062998025 -5.29484216212482 -4.309989199379226 -4.7919807807941055 -4.186301614352948
XID:67	-3.0 -3.0 -0.0004345117740176917 -0.0004345117740176917 -3.0 -3.0 -3.0 -3.0 -3.0 -0.0004345117740176917 -3.0 -3.0 -4.6991741707253745 -6.688860941711008 -7.6252754767034565 -0.00010250559386506836 -5.551503923323503 -4.720871696027157 -4.261173478473577 -5.412564062998025 -5.29484216212482 -4.309989199379226 -4.7919807807941055 -4.186301614352948
XID:68	-3.0 -3.0 -0.0004345117740176917 -0.0004345117740176917 -3.0 -3.0 -3.0 -3.0 -3.0 -0.0004345117740176917 -0.0004345117740176917 -3.0 -4.485332733194511 -8.848811015739479 -5.387050930954819 -3.973671061277651 -4.7695127602108744 -3.210532811456737 -4.256244936016848 -4.799746109227195 -4.7181533767463595 -4.29453571449462 -0.000428425607707819 -4.160554007381204
XID:69	-3.0 -3.0 -0.0004345117740176917 -0.0004345117740176917 -3.0 -3.0 -3.0 -3.0 -0.0004345117740176917 -3.0 -3.0 -3.0 -4.6991741707253745 -6.688860941711008 -7.6252754767034565 -0.00010250559386506836 -5.551503923323503 -4.720871696027157 -4.261173478473577 -5.412564062998025 -5.29484216212482 -4.309989199379226 -4.7919807807941055 -4.186301614352948
XID:70	-3.0 -3.0 -0.0004345117740176917 -0.0004345117740176917 -3.0 -3.0 -3.0 -0.0004345117740176917 -3.0 -3.0 -3.0 -3.0 -4.6991741707253745 -6.688860941711008 -7.6252754767034565 -0.00010250559386506836 -5.551503923323503 -4.720871696027157 -4.261173478473577 -5.412564062998025 -5.29484216212482 -4.309989199379226 -4.7919807807941055 -4.186301614352948
XID:71	-3.0 -3.0 -0.0004345117740176917 -0.0004345117740176917 -3.0 -3.0 -3.0 -0.0004345117740176917 -3.0 -3.0 -3.0 -0.0004345117740176917 -4.6991741707253745 -6.688860941711008 -7.6252754767034565 -0.00010250559386506836 -5.551503923323503 -4.720871696027157 -4.261173478473577 -5.412564062998025 -5.29484216212482 -4.309989199379226 -4.7919807807941055 -4.186301614352948
XID:72	-3.0 -3.0 -0.0004345117740176917 -0.0004345117740176917 -3.0 -3.0 -3.0 -0.0004345117740176917 -3.0 -0.0004345117740176917 -3.0 -3.0 -5.493723675055932 -12.363339623696072 -8.474613077769286 -4.573833708679729 -6.284668662094859 -6.0773134590265165 -5.3831633369150085 -4.7127044956755295 -5.508936811065918 -2.7361414253519235e-05 -5.408300006331158 -5.79144041115915
XID:73	-3.0 -3.0 -0.0004345117740176917 -0.0004345117740176917 -3.0 -3.0 -3.0 -0.0004345117740176917 -3.0 -0.0004345117740176917 -3.0 -3.0 -4.70464405146209 -10.757376590207047 -7.743980186619878 -6.11155203440738 -6.248152988542441 -5.6936929449969504 -4.0321123960601595 -8.643320228761783e-05 -5.41994448303701 -5.505792514361711 -4.581811440962059 -4.303946936856882
XID:74	-3.0 -3.0 -0.0004345117740176917 -0.0004345117740176917 -3.0 -3.0 -3.0 -0.0004345117740176917 -0.0004345117740176917 -3.0 -3.0 -3.0 -4.307193605019404 -9.286487616726928 -7.581572748396418 -4.687494718444739 -5.207625122226436 -5.065314741312938 -4.952986177245046 -4.8979644084896785 -7.818004315755637e-05 -4.354956183678785 -5.841580208940667 -4.578651131515224
XID:75	-3.0 -3.0 -0.0004345117740176917 -0.0004345117740176917 -3.0 -3.0 -0.0004345117740176917 -0.0004345117740176917 -3.0 -3.0 -3.0 -3.0 -4.950809121583204 -9.300700925148673 -7.672974322858325 -5.236456709070324 -6.139603292762857 -5.364507205477628 -3.7785263608361476e-05 -4.714579976747833 -5.568985420263827 -5.645307769675077 -4.5823439991135775 -4.83077537292296
XID:76	-3.0 -3.0 -0.0004345117740176917 -0.0004345117740176917 -3.0 -3.0 -0.0004345117740176917 -0.0004345117740176917 -3.0 -3.0 -3.0 -3.0 -4.70464405146209 -10.757376590207047 -7.743980186619878 -6.11155203440738 -6.248152988542441 -5.6936929449969504 -4.0321123960601595 -8.643320228761783e-05 -5.41994448303701 -5.505792514361711 -4.581811440962059 -4.303946936856882
XID:77	-3.0 -3.0 -0.0004345117740176917 -0.0004345117740176917 -3.0 -3.0 -0.0004345117740176917 -0.0004345117740176917 -3.0 -3.0 -3.0 -3.0 -4.6991741707253745 -6.688860941711008 -7.6252754767034565 -0.00010250559386506836 -5.551503923323503 -4.720871696027157 -4.261173478473577 -5.412564062998025 -5.29484216212482 -4.309989199379226 -4.7919807807941055 -4.186301614352948
XID:78	-3.0 -3.0 -0.0004345117740176917 -0.0004345117740176917 -3.0 -3.0 -0.0004345117740176917 -0.0004345117740176917 -3.0 -0.0004345117740176917 -3.0 -3.0 -5.493723675055932 -12.363339623696072 -8.474613077769286 -4.573833708679729 -6.284668662094859 -6.0773134590265165 -5.3831633369150085 -4.7127044956755295 -5.508936811065918 -2.7361414253519235e-05 -5.408300006331158 -5.79144041115915
XID:79	-3.0 -3.0 -0.0004345117740176917 -0.0004345117740176917 -3.0 -3.0 -0.0004345117740176917 -0.0004345117740176917 -3.0 -0.0004345117740176917 -3.0 -3.0 -4.70464405146209 -10.757376590207047 -7.743980186619878 -6.11155203440738 -6.248152988542441 -5.6936929449969504 -4.0321123960601595 -8.643320228761783e-05 -5.41994448303701 -5.505792514361711 -4.581811440962059 -4.303946936856882
XID:80	-3.0 -3.0 -0.0004345117740176917 -0.0004345117740176917 -3.0 -0.0004345117740176917 -3.0 -3.0 -3.0 -0.0004345117740176917 -3.0 -3.0 -4.250517998885311 -10.928287326940556 -5.868599499926915 -4.579041413868867 -8.487251584745023 -8.860511233702779e-05 -4.660699643921002 -4.9862487678428895 -4.473696915325032 -4.9633232071525155 -4.557327428174607 -4.79204803798571
XID:81	-3.0 -3.0 -0.0004345117740176917 -0.0004345117740176917 -3.0 -0.0004345117740176917 -3.0 -3.0 -0.0004345117740176917 -3.0 -3.0 -3.0 -4.6991741707253745 -6.688860941711008 -7.6252754767034565 -0.00010250559386506836 -5.551503923323503 -4.720871696027157 -4.261173478473577 -5.412564062998025 -5.29484216212482 -4.309989199379226 -4.7919807807941055 -4.186301614352948
XID:82	-3.0 -3.0 -0.0004345117740176917 -0.0004345117740176917 -0.0004345117740176917 -3.0 -3.0 -0.0004345117740176917 -3.0 -3.0 -3.0 -0.0004345117740176917 -4.184468738282451 -8.222504304982278 -8.651296081024388 -3.9069181781463533 -0.0005649501236701673 -7.3724262644407705 -4.187818879464233 -4.305961947457269 -3.486630556630303 -3.2022243479902146 -4.438796020433381 -5.199555128232415
XID:83	-3.0 -3.0 -0.0004345117740176917 -0.0004345117740176917 -0.0004345117740176917 -3.0 -0.0004345117740176917 -0.0004345117740176917 -3.0 -3.0 -3.0 -3.0 -4.6991741707253745 -6.688860941711008 -7.6252754767034565 -0.00010250559386506836 -5.551503923323503 -4.720871696027157 -4.261173478473577 -5.412564062998025 -5.29484216212482 -4.309989199379226 -4.7919807807941055 -4.186301614352948
XID:84	-3.0 -3.0 -0.0004345117740176917 -0.0004345117740176917 -0.0004345117740176917 -3.0 -0.0004345117740176917 -0.0004345117740176917 -3.0 -0.0004345117740176917 -3.0 -3.0 -4.184468738282451 -8.222504304982278 -8.651296081024388 -3.9069181781463533 -0.0005649501236701673 -7.3724262644407705 -4.187818879464233 -4.305961947457269 -3.486630556630303 -3.2022243479902146 -4.438796020433381 -5.199555128232415
XID:85	-3.0 -3.0 -0.0004345117740176917 -0.0004345117740176917 -0.0004345117740176917 -0.0004345117740176917 -0.0004345117740176917 -0.0004345117740176917 -3.0 -0.0004345117740176917 -3.0 -3.0 -4.250517998885311 -10.928287326940556 -5.868599499926915 -4.579041413868867 -8.487251584745023 -8.860511233702779e-05 -4.660699643921002 -4.9862487678428895 -4.473696915325032 -4.9633232071525155 -4.557327428174607 -4.79204803798571

TraceID:0	(0,HashMap)	(1,containsKey:FALSE)	(63,<END>)
TraceID:1	(0,HashMap)	(1,get)	(23,<END>)
TraceID:2	(0,HashMap)	(1,remove)	(5,putAll)	(12,<END>)
TraceID:3	(0,HashMap)	(1,values)	(2,remove)	(6,<END>)
TraceID:4	(0,HashMap)	(1,putAll)	(8,putAll)	(8,<END>)
TraceID:5	(0,HashMap)	(1,putAll)	(8,entrySet)	(39,<END>)
TraceID:6	(0,HashMap)	(1,remove)	(5,entrySet)	(38,<END>)
TraceID:7	(0,HashMap)	(1,values)	(2,put)	(15,<END>)
TraceID:8	(0,HashMap)	(1,remove)	(5,get)	(25,<END>)
TraceID:9	(0,HashMap)	(1,putAll)	(8,get)	(26,<END>)
TraceID:10	(0,HashMap)	(1,putAll)	(8,size)	(10,<END>)
TraceID:11	(0,HashMap)	(1,putAll)	(8,containsKey:FALSE)	(69,<END>)
TraceID:12	(0,HashMap)	(1,values)	(2,size)	(4,containsKey:FALSE)	(66,<END>)
TraceID:13	(0,HashMap)	(1,remove)	(5,size)	(7,putAll)	(13,<END>)
TraceID:14	(0,HashMap)	(1,values)	(2,values)	(2,entrySet)	(37,<END>)
TraceID:15	(0,HashMap)	(1,putAll)	(8,containsKey:FALSE)	(69,containsKey:FALSE)	(69,<END>)
TraceID:16	(0,HashMap)	(1,putAll)	(8,entrySet)	(39,containsKey:FALSE)	(81,<END>)
TraceID:17	(0,HashMap)	(1,put)	(14,size)	(17,remove)	(18,<END>)
TraceID:18	(0,HashMap)	(1,put)	(14,entrySet)	(42,get)	(45,<END>)
TraceID:19	(0,HashMap)	(1,putAll)	(8,entrySet)	(39,size)	(41,<END>)
TraceID:20	(0,HashMap)	(1,remove)	(5,size)	(7,put)	(19,<END>)
TraceID:21	(0,HashMap)	(1,remove)	(5,containsKey:FALSE)	(67,put)	(73,<END>)
TraceID:22	(0,HashMap)	(1,putAll)	(8,values)	(9,get)	(27,<END>)
TraceID:23	(0,HashMap)	(1,remove)	(5,containsKey:FALSE)	(67,entrySet)	(80,<END>)
TraceID:24	(0,HashMap)	(1,put)	(14,putAll)	(20,remove)	(22,<END>)
TraceID:25	(0,HashMap)	(1,put)	(14,get)	(28,get)	(28,<END>)
TraceID:26	(0,HashMap)	(1,put)	(14,get)	(28,entrySet)	(46,<END>)
TraceID:27	(0,HashMap)	(1,putAll)	(8,entrySet)	(39,values)	(40,<END>)
TraceID:28	(0,HashMap)	(1,put)	(14,get)	(28,remove)	(34,<END>)
TraceID:29	(0,HashMap)	(1,size)	(3,get)	(24,put)	(30,<END>)
TraceID:30	(0,HashMap)	(1,remove)	(5,containsKey:FALSE)	(67,size)	(68,<END>)
TraceID:31	(0,HashMap)	(1,put)	(14,put)	(14,containsKey:FALSE)	(70,putAll)	(74,<END>)
TraceID:32	(0,HashMap)	(1,put)	(14,put)	(14,containsKey:FALSE)	(70,remove)	(72,<END>)
TraceID:33	(0,HashMap)	(1,put)	(14,put)	(14,entrySet)	(42,putAll)	(44,<END>)
TraceID:34	(0,HashMap)	(1,put)	(14,get)	(28,containsKey:TRUE)	(55,put)	(54,<END>)
TraceID:35	(0,HashMap)	(1,put)	(14,put)	(14,size)	(17,size)	(17,<END>)
TraceID:36	(0,HashMap)	(1,put)	(14,get)	(28,containsKey:TRUE)	(55,containsKey:FALSE)	(83,<END>)
TraceID:37	(0,HashMap)	(1,put)	(14,get)	(28,containsKey:TRUE)	(55,get)	(53,<END>)
TraceID:38	(0,HashMap)	(1,put)	(14,values)	(16,containsKey:FALSE)	(71,containsKey:TRUE)	(82,<END>)
TraceID:39	(0,HashMap)	(1,values)	(2,containsKey:FALSE)	(64,containsKey:FALSE)	(64,values)	(65,<END>)
TraceID:40	(0,HashMap)	(1,put)	(14,get)	(28,putAll)	(36,put)	(35,<END>)
TraceID:41	(0,HashMap)	(1,put)	(14,values)	(16,putAll)	(21,containsKey:TRUE)	(51,putAll)	(50,<END>)
TraceID:42	(0,HashMap)	(1,putAll)	(8,values)	(9,values)	(9,size)	(11,containsKey:TRUE)	(49,<END>)
TraceID:43	(0,HashMap)	(1,put)	(14,values)	(16,putAll)	(21,containsKey:TRUE)	(51,size)	(52,<END>)
TraceID:44	(0,HashMap)	(1,put)	(14,put)	(14,get)	(28,containsKey:TRUE)	(55,remove)	(57,values)	(58,<END>)
TraceID:45	(0,HashMap)	(1,put)	(14,put)	(14,entrySet)	(42,remove)	(43,remove)	(43,containsKey:TRUE)	(61,<END>)
TraceID:46	(0,HashMap)	(1,put)	(14,put)	(14,entrySet)	(42,entrySet)	(42,containsKey:TRUE)	(59,values)	(60,<END>)
TraceID:47	(0,HashMap)	(1,put)	(14,get)	(28,values)	(29,values)	(29,size)	(32,values)	(33,containsKey:TRUE)	(56,<END>)
TraceID:48	(0,HashMap)	(1,put)	(14,put)	(14,get)	(28,size)	(31,entrySet)	(48,put)	(47,containsKey:TRUE)	(62,containsKey:TRUE)	(62,<END>)
TraceID:49	(0,HashMap)	(1,put)	(14,get)	(28,containsKey:FALSE)	(77,get)	(75,put)	(76,remove)	(78,put)	(79,containsKey:TRUE)	(84,entrySet)	(85,<END>)
