<END>	<START>	NumberFormatStringTokenizer	hasMoreTokens:FALSE	hasMoreTokens:TRUE	isLetterOrDigitAhead:FALSE	isLetterOrDigitAhead:TRUE	nextIsSep:FALSE	nextIsSep:TRUE	nextToken
XID:0	-3.0 -3.0 -3.0 -3.0 -3.0 -3.0 -3.0 -3.0 -3.0 -3.0 -4.256786660081718 -1.750024278770757 -0.008544872223438906 -3.4713724973459303 -5.384713990418041 -2.894251444473007 -5.181723287664732 -5.274142249686056 -4.848366649427377 -5.717420933570055
XID:1	-3.0 -3.0 -0.0004345117740176917 -3.0 -3.0 -3.0 -3.0 -3.0 -3.0 -3.0 -2.353401228187054 -6.125179692112101 -2.3459428814487393 -1.6620059374565153 -0.4484438812297684 -1.236396826412786 -0.9175772913334217 -1.1789832793528765 -0.6748005261442216 -0.8052026957683864
XID:2	-3.0 -3.0 -0.0004345117740176917 -3.0 -3.0 -3.0 -3.0 -3.0 -3.0 -0.0004345117740176917 -5.2194897109706915 -12.024565434074209 -7.100988125163032 -6.232265460305351 -3.651782783695354 -5.0017336850141545 -4.567287194874613 -4.6758060592323964 -4.1888890255567865 -0.00015333301698186984
XID:3	-3.0 -3.0 -0.0004345117740176917 -3.0 -3.0 -3.0 -3.0 -3.0 -0.0004345117740176917 -3.0 -4.865768688711997 -12.8188627146147 -9.448695197765817 -7.072973204273993 -3.8396095108374606 -5.72791460670953 -5.12118130832389 -5.931636002696828 -8.860511233702779e-05 -4.460991686560619
XID:4	-3.0 -3.0 -0.0004345117740176917 -3.0 -3.0 -3.0 -3.0 -3.0 -0.0004345117740176917 -0.0004345117740176917 -5.2194897109706915 -12.024565434074209 -7.100988125163032 -6.232265460305351 -3.651782783695354 -5.0017336850141545 -4.567287194874613 -4.6758060592323964 -4.1888890255567865 -0.00015333301698186984
XID:5	-3.0 -3.0 -0.0004345117740176917 -3.0 -3.0 -3.0 -3.0 -3.0 -0.0004345117740176917 -0.0004345117740176917 -4.865768688711997 -12.8188627146147 -9.448695197765817 -7.072973204273993 -3.8396095108374606 -5.72791460670953 -5.12118130832389 -5.931636002696828 -8.860511233702779e-05 -4.460991686560619
XID:6	-3.0 -3.0 -0.0004345117740176917 -3.0 -3.0 -3.0 -3.0 -0.0004345117740176917 -3.0 -3.0 -5.454068492957201 -9.030068552560985 -9.829679600126621 -8.032115201812672 -5.059314213067 -4.959832963517153 -4.115067631242791 -7.948316311957767e-05 -5.204725637564335 -4.116170556607131
XID:7	-3.0 -3.0 -0.0004345117740176917 -3.0 -3.0 -3.0 -3.0 -0.0004345117740176917 -3.0 -0.0004345117740176917 -5.2194897109706915 -12.024565434074209 -7.100988125163032 -6.232265460305351 -3.651782783695354 -5.0017336850141545 -4.567287194874613 -4.6758060592323964 -4.1888890255567865 -0.00015333301698186984
XID:8	-3.0 -3.0 -0.0004345117740176917 -3.0 -3.0 -3.0 -0.0004345117740176917 -3.0 -3.0 -3.0 -5.313495111284614 -11.531821102146392 -10.593199321018654 -7.316581897656952 -4.561975315878987 -7.216607445861928 -2.996735313689136e-05 -4.757930887661059 -5.094740170097147 -4.93627268909277
XID:9	-3.0 -3.0 -0.0004345117740176917 -3.0 -3.0 -3.0 -0.0004345117740176917 -3.0 -3.0 -0.0004345117740176917 -5.313495111284614 -11.531821102146392 -10.593199321018654 -7.316581897656952 -4.561975315878987 -7.216607445861928 -2.996735313689136e-05 -4.757930887661059 -5.094740170097147 -4.93627268909277
XID:10	-3.0 -3.0 -0.0004345117740176917 -3.0 -3.0 -3.0 -0.0004345117740176917 -3.0 -3.0 -0.0004345117740176917 -5.2194897109706915 -12.024565434074209 -7.100988125163032 -6.232265460305351 -3.651782783695354 -5.0017336850141545 -4.567287194874613 -4.6758060592323964 -4.1888890255567865 -0.00015333301698186984
XID:11	-3.0 -3.0 -0.0004345117740176917 -3.0 -3.0 -3.0 -0.0004345117740176917 -3.0 -0.0004345117740176917 -0.0004345117740176917 -5.313495111284614 -11.531821102146392 -10.593199321018654 -7.316581897656952 -4.561975315878987 -7.216607445861928 -2.996735313689136e-05 -4.757930887661059 -5.094740170097147 -4.93627268909277
XID:12	-3.0 -3.0 -0.0004345117740176917 -3.0 -3.0 -3.0 -0.0004345117740176917 -3.0 -0.0004345117740176917 -0.0004345117740176917 -4.865768688711997 -12.8188627146147 -9.448695197765817 -7.072973204273993 -3.8396095108374606 -5.72791460670953 -5.12118130832389 -5.931636002696828 -8.860511233702779e-05 -4.460991686560619
XID:13	-3.0 -3.0 -0.0004345117740176917 -3.0 -3.0 -3.0 -0.0004345117740176917 -0.0004345117740176917 -3.0 -3.0 -5.454068492957201 -9.030068552560985 -9.829679600126621 -8.032115201812672 -5.059314213067 -4.959832963517153 -4.115067631242791 -7.948316311957767e-05 -5.204725637564335 -4.116170556607131
XID:14	-3.0 -3.0 -0.0004345117740176917 -3.0 -3.0 -3.0 -0.0004345117740176917 -0.0004345117740176917 -3.0 -3.0 -5.313495111284614 -11.531821102146392 -10.593199321018654 -7.316581897656952 -4.561975315878987 -7.216607445861928 -2.996735313689136e-05 -4.757930887661059 -5.094740170097147 -4.93627268909277
XID:15	-3.0 -3.0 -0.0004345117740176917 -3.0 -3.0 -3.0 -0.0004345117740176917 -0.0004345117740176917 -3.0 -0.0004345117740176917 -5.454068492957201 -9.030068552560985 -9.829679600126621 -8.032115201812672 -5.059314213067 -4.959832963517153 -4.115067631242791 -7.948316311957767e-05 -5.204725637564335 -4.116170556607131
XID:16	-3.0 -3.0 -0.0004345117740176917 -3.0 -3.0 -0.0004345117740176917 -3.0 -3.0 -3.0 -3.0 -4.8423166237302375 -9.899408916864799 -9.232526509858006 -5.871342299568585 -4.018952848419817 -0.00011640652032063964 -5.482022020560043 -6.668939325787936 -4.1317700727664315 -4.103193345292554
XID:17	-3.0 -3.0 -0.0004345117740176917 -3.0 -3.0 -0.0004345117740176917 -3.0 -3.0 -3.0 -0.0004345117740176917 -5.2194897109706915 -12.024565434074209 -7.100988125163032 -6.232265460305351 -3.651782783695354 -5.0017336850141545 -4.567287194874613 -4.6758060592323964 -4.1888890255567865 -0.00015333301698186984
XID:18	-3.0 -3.0 -0.0004345117740176917 -3.0 -3.0 -0.0004345117740176917 -3.0 -3.0 -3.0 -0.0004345117740176917 -4.8423166237302375 -9.899408916864799 -9.232526509858006 -5.871342299568585 -4.018952848419817 -0.00011640652032063964 -5.482022020560043 -6.668939325787936 -4.1317700727664315 -4.103193345292554
XID:19	-3.0 -3.0 -0.0004345117740176917 -3.0 -3.0 -0.0004345117740176917 -3.0 -3.0 -0.0004345117740176917 -3.0 -4.8423166237302375 -9.899408916864799 -9.232526509858006 -5.871342299568585 -4.018952848419817 -0.00011640652032063964 -5.482022020560043 -6.668939325787936 -4.1317700727664315 -4.103193345292554
XID:20	-3.0 -3.0 -0.0004345117740176917 -3.0 -0.0004345117740176917 -3.0 -3.0 -3.0 -3.0 -3.0 -4.3320084824385106 -7.4290871334360915 -7.8733913584930875 -7.153332652696806 -0.00020677338935771563 -4.713819824023145 -3.9993186923500805 -4.415043796249293 -4.880503269481287 -3.5877948961942856
XID:21	-3.0 -3.0 -0.0004345117740176917 -3.0 -0.0004345117740176917 -3.0 -3.0 -3.0 -3.0 -0.0004345117740176917 -5.2194897109706915 -12.024565434074209 -7.100988125163032 -6.232265460305351 -3.651782783695354 -5.0017336850141545 -4.567287194874613 -4.6758060592323964 -4.1888890255567865 -0.00015333301698186984
XID:22	-3.0 -3.0 -0.0004345117740176917 -3.0 -0.0004345117740176917 -3.0 -3.0 -3.0 -3.0 -0.0004345117740176917 -4.3320084824385106 -7.4290871334360915 -7.8733913584930875 -7.153332652696806 -0.00020677338935771563 -4.713819824023145 -3.9993186923500805 -4.415043796249293 -4.880503269481287 -3.5877948961942856
XID:23	-3.0 -3.0 -0.0004345117740176917 -3.0 -0.0004345117740176917 -3.0 -3.0 -3.0 -0.0004345117740176917 -3.0 -4.3320084824385106 -7.4290871334360915 -7.8733913584930875 -7.153332652696806 -0.00020677338935771563 -4.713819824023145 -3.9993186923500805 -4.415043796249293 -4.880503269481287 -3.5877948961942856
XID:24	-3.0 -3.0 -0.0004345117740176917 -3.0 -0.0004345117740176917 -3.0 -3.0 -0.0004345117740176917 -3.0 -3.0 -5.454068492957201 -9.030068552560985 -9.829679600126621 -8.032115201812672 -5.059314213067 -4.959832963517153 -4.115067631242791 -7.948316311957767e-05 -5.204725637564335 -4.116170556607131
XID:25	-3.0 -3.0 -0.0004345117740176917 -3.0 -0.0004345117740176917 -3.0 -3.0 -0.0004345117740176917 -3.0 -3.0 -4.3320084824385106 -7.4290871334360915 -7.8733913584930875 -7.153332652696806 -0.00020677338935771563 -4.713819824023145 -3.9993186923500805 -4.415043796249293 -4.880503269481287 -3.5877948961942856
XID:26	-3.0 -3.0 -0.0004345117740176917 -3.0 -0.0004345117740176917 -3.0 -0.0004345117740176917 -3.0 -3.0 -3.0 -5.313495111284614 -11.531821102146392 -10.593199321018654 -7.316581897656952 -4.561975315878987 -7.216607445861928 -2.996735313689136e-05 -4.757930887661059 -5.094740170097147 -4.93627268909277
XID:27	-3.0 -3.0 -0.0004345117740176917 -3.0 -0.0004345117740176917 -3.0 -0.0004345117740176917 -3.0 -3.0 -3.0 -4.3320084824385106 -7.4290871334360915 -7.8733913584930875 -7.153332652696806 -0.00020677338935771563 -4.713819824023145 -3.9993186923500805 -4.415043796249293 -4.880503269481287 -3.5877948961942856
XID:28	-3.0 -3.0 -0.0004345117740176917 -3.0 -0.0004345117740176917 -0.0004345117740176917 -3.0 -3.0 -3.0 -3.0 -4.8423166237302375 -9.899408916864799 -9.232526509858006 -5.871342299568585 -4.018952848419817 -0.00011640652032063964 -5.482022020560043 -6.668939325787936 -4.1317700727664315 -4.103193345292554
XID:29	-3.0 -3.0 -0.0004345117740176917 -3.0 -0.0004345117740176917 -0.0004345117740176917 -3.0 -3.0 -3.0 -3.0 -4.3320084824385106 -7.4290871334360915 -7.8733913584930875 -7.153332652696806 -0.00020677338935771563 -4.713819824023145 -3.9993186923500805 -4.415043796249293 -4.880503269481287 -3.5877948961942856
XID:30	-3.0 -3.0 -0.0004345117740176917 -3.0 -0.0004345117740176917 -0.0004345117740176917 -3.0 -3.0 -0.0004345117740176917 -3.0 -4.865768688711997 -12.8188627146147 -9.448695197765817 -7.072973204273993 -3.8396095108374606 -5.72791460670953 -5.12118130832389 -5.931636002696828 -8.860511233702779e-05 -4.460991686560619
XID:31	-3.0 -3.0 -0.0004345117740176917 -0.0004345117740176917 -3.0 -0.0004345117740176917 -3.0 -3.0 -3.0 -0.0004345117740176917 -5.336272697438515 -9.987242895259092 -4.71717630527952 -2.3018217529012048e-05 -5.421900842564135 -4.838569104497738 -5.545548468845567 -9.362762514716266 -5.525750217844447 -5.331777207362749
XID:32	-3.0 -3.0 -0.0004345117740176917 -0.0004345117740176917 -3.0 -0.0004345117740176917 -3.0 -3.0 -3.0 -0.0004345117740176917 -4.8423166237302375 -9.899408916864799 -9.232526509858006 -5.871342299568585 -4.018952848419817 -0.00011640652032063964 -5.482022020560043 -6.668939325787936 -4.1317700727664315 -4.103193345292554
XID:33	-3.0 -3.0 -0.0004345117740176917 -0.0004345117740176917 -0.0004345117740176917 -3.0 -3.0 -3.0 -3.0 -0.0004345117740176917 -5.336272697438515 -9.987242895259092 -4.71717630527952 -2.3018217529012048e-05 -5.421900842564135 -4.838569104497738 -5.545548468845567 -9.362762514716266 -5.525750217844447 -5.331777207362749

TraceID:0	(0,NumberFormatStringTokenizer)	(1,nextIsSep:FALSE)	(6,<END>)
TraceID:1	(0,NumberFormatStringTokenizer)	(1,nextIsSep:TRUE)	(3,nextToken)	(4,<END>)
TraceID:2	(0,NumberFormatStringTokenizer)	(1,nextIsSep:FALSE)	(6,hasMoreTokens:TRUE)	(25,<END>)
TraceID:3	(0,NumberFormatStringTokenizer)	(1,isLetterOrDigitAhead:TRUE)	(8,isLetterOrDigitAhead:TRUE)	(8,<END>)
TraceID:4	(0,NumberFormatStringTokenizer)	(1,nextIsSep:FALSE)	(6,nextToken)	(7,<END>)
TraceID:5	(0,NumberFormatStringTokenizer)	(1,isLetterOrDigitAhead:TRUE)	(8,hasMoreTokens:TRUE)	(27,<END>)
TraceID:6	(0,NumberFormatStringTokenizer)	(1,nextToken)	(2,hasMoreTokens:TRUE)	(22,<END>)
TraceID:7	(0,NumberFormatStringTokenizer)	(1,nextIsSep:TRUE)	(3,isLetterOrDigitAhead:FALSE)	(19,<END>)
TraceID:8	(0,NumberFormatStringTokenizer)	(1,nextIsSep:FALSE)	(6,nextIsSep:FALSE)	(6,<END>)
TraceID:9	(0,NumberFormatStringTokenizer)	(1,hasMoreTokens:TRUE)	(20,isLetterOrDigitAhead:TRUE)	(26,<END>)
TraceID:10	(0,NumberFormatStringTokenizer)	(1,nextIsSep:FALSE)	(6,isLetterOrDigitAhead:TRUE)	(14,<END>)
TraceID:11	(0,NumberFormatStringTokenizer)	(1,nextIsSep:TRUE)	(3,nextIsSep:TRUE)	(3,<END>)
TraceID:12	(0,NumberFormatStringTokenizer)	(1,hasMoreTokens:TRUE)	(20,hasMoreTokens:TRUE)	(20,nextIsSep:FALSE)	(24,<END>)
TraceID:13	(0,NumberFormatStringTokenizer)	(1,isLetterOrDigitAhead:TRUE)	(8,nextIsSep:FALSE)	(13,isLetterOrDigitAhead:TRUE)	(14,<END>)
TraceID:14	(0,NumberFormatStringTokenizer)	(1,nextIsSep:TRUE)	(3,hasMoreTokens:TRUE)	(23,hasMoreTokens:TRUE)	(23,<END>)
TraceID:15	(0,NumberFormatStringTokenizer)	(1,nextToken)	(2,nextIsSep:TRUE)	(5,isLetterOrDigitAhead:TRUE)	(11,<END>)
TraceID:16	(0,NumberFormatStringTokenizer)	(1,hasMoreTokens:TRUE)	(20,isLetterOrDigitAhead:FALSE)	(28,nextIsSep:TRUE)	(30,<END>)
TraceID:17	(0,NumberFormatStringTokenizer)	(1,nextToken)	(2,isLetterOrDigitAhead:FALSE)	(18,hasMoreTokens:FALSE)	(31,<END>)
TraceID:18	(0,NumberFormatStringTokenizer)	(1,isLetterOrDigitAhead:FALSE)	(16,hasMoreTokens:TRUE)	(29,nextIsSep:TRUE)	(30,<END>)
TraceID:19	(0,NumberFormatStringTokenizer)	(1,isLetterOrDigitAhead:TRUE)	(8,nextToken)	(10,nextToken)	(10,nextIsSep:FALSE)	(15,<END>)
TraceID:20	(0,NumberFormatStringTokenizer)	(1,nextToken)	(2,isLetterOrDigitAhead:FALSE)	(18,hasMoreTokens:FALSE)	(31,isLetterOrDigitAhead:FALSE)	(32,<END>)
TraceID:21	(0,NumberFormatStringTokenizer)	(1,hasMoreTokens:TRUE)	(20,nextToken)	(21,hasMoreTokens:FALSE)	(33,hasMoreTokens:FALSE)	(33,<END>)
TraceID:22	(0,NumberFormatStringTokenizer)	(1,isLetterOrDigitAhead:TRUE)	(8,nextToken)	(10,isLetterOrDigitAhead:TRUE)	(9,nextIsSep:TRUE)	(12,<END>)
TraceID:23	(0,NumberFormatStringTokenizer)	(1,isLetterOrDigitAhead:FALSE)	(16,isLetterOrDigitAhead:FALSE)	(16,isLetterOrDigitAhead:FALSE)	(16,nextToken)	(17,<END>)
