<END>	<START>	StackAr	isEmpty:FALSE	isEmpty:TRUE	isFull:FALSE	isFull:TRUE	makeEmpty	push	top	topAndPop
XID:0	-3.0 -3.0 -3.0 -3.0 -3.0 -3.0 -3.0 -3.0 -3.0 -3.0 -3.0 -8.96268507827614 -4.176225259573991 -2.9533028903765615e-05 -6.234706307017481 -10.92382212781084 -8.303041957994362 -5.905315794406783 -7.558584536371071 -7.906371723866138 -9.254159619432906 -7.421002272689998
XID:1	-3.0 -3.0 -0.0004345117740176917 -3.0 -3.0 -3.0 -3.0 -3.0 -3.0 -3.0 -3.0 -1.5283313792925315 -4.46323203564043 -3.541223198971277 -2.3494399405397552 -0.37696894570095263 -0.9034966769876286 -2.5322572618017647 -0.9773118722063235 -1.0974776810139788 -1.0433106326207728 -0.8470881873369474
XID:2	-3.0 -3.0 -0.0004345117740176917 -3.0 -3.0 -3.0 -3.0 -3.0 -3.0 -3.0 -0.0004345117740176917 -4.951826314251628 -5.294599896514366 -6.219848370754678 -8.421341310241386 -3.6632761673364658 -4.086131599418158 -4.454958985877573 -5.022228853496395 -4.155417214689978 -3.884246411032758 -0.00024370757071477542
XID:3	-3.0 -3.0 -0.0004345117740176917 -3.0 -3.0 -3.0 -3.0 -3.0 -3.0 -0.0004345117740176917 -3.0 -4.4385563267789525 -4.967195958212276 -5.481828366397738 -4.492779850198603 -3.3259181663354944 -3.144045556643629 -7.159911478507861 -5.112771037992247 -4.205972982312855 -0.0006775934187039511 -3.664875219571642
XID:4	-3.0 -3.0 -0.0004345117740176917 -3.0 -3.0 -3.0 -3.0 -3.0 -3.0 -0.0004345117740176917 -0.0004345117740176917 -4.951826314251628 -5.294599896514366 -6.219848370754678 -8.421341310241386 -3.6632761673364658 -4.086131599418158 -4.454958985877573 -5.022228853496395 -4.155417214689978 -3.884246411032758 -0.00024370757071477542
XID:5	-3.0 -3.0 -0.0004345117740176917 -3.0 -3.0 -3.0 -3.0 -3.0 -0.0004345117740176917 -3.0 -3.0 -3.7555076412616972 -2.4382417061136286 -3.633898446193342 -2.969894351388954 -5.37647574349364 -3.4312223374763167 -2.0443093640184604 -3.8914992457822093 -0.007234025856350071 -3.8351061005788627 -2.765763732137324
XID:6	-3.0 -3.0 -0.0004345117740176917 -3.0 -3.0 -3.0 -3.0 -3.0 -0.0004345117740176917 -3.0 -0.0004345117740176917 -4.951826314251628 -5.294599896514366 -6.219848370754678 -8.421341310241386 -3.6632761673364658 -4.086131599418158 -4.454958985877573 -5.022228853496395 -4.155417214689978 -3.884246411032758 -0.00024370757071477542
XID:7	-3.0 -3.0 -0.0004345117740176917 -3.0 -3.0 -3.0 -3.0 -3.0 -0.0004345117740176917 -3.0 -0.0004345117740176917 -3.7555076412616972 -2.4382417061136286 -3.633898446193342 -2.969894351388954 -5.37647574349364 -3.4312223374763167 -2.0443093640184604 -3.8914992457822093 -0.007234025856350071 -3.8351061005788627 -2.765763732137324
XID:8	-3.0 -3.0 -0.0004345117740176917 -3.0 -3.0 -3.0 -3.0 -3.0 -0.0004345117740176917 -0.0004345117740176917 -3.0 -4.4385563267789525 -4.967195958212276 -5.481828366397738 -4.492779850198603 -3.3259181663354944 -3.144045556643629 -7.159911478507861 -5.112771037992247 -4.205972982312855 -0.0006775934187039511 -3.664875219571642
XID:9	-3.0 -3.0 -0.0004345117740176917 -3.0 -3.0 -3.0 -3.0 -3.0 -0.0004345117740176917 -0.0004345117740176917 -3.0 -3.7555076412616972 -2.4382417061136286 -3.633898446193342 -2.969894351388954 -5.37647574349364 -3.4312223374763167 -2.0443093640184604 -3.8914992457822093 -0.007234025856350071 -3.8351061005788627 -2.765763732137324
XID:10	-3.0 -3.0 -0.0004345117740176917 -3.0 -3.0 -3.0 -3.0 -0.0004345117740176917 -3.0 -3.0 -3.0 -4.396290654079335 -4.667816131459015 -4.820770027657914 -4.266639804683737 -3.2113396129464595 -2.8446821850633257 -4.269174942783707 -0.0012477816685048993 -3.920713812132541 -3.9818822794089996 -3.3816568925599713
XID:11	-3.0 -3.0 -0.0004345117740176917 -3.0 -3.0 -3.0 -3.0 -0.0004345117740176917 -3.0 -3.0 -0.0004345117740176917 -4.951826314251628 -5.294599896514366 -6.219848370754678 -8.421341310241386 -3.6632761673364658 -4.086131599418158 -4.454958985877573 -5.022228853496395 -4.155417214689978 -3.884246411032758 -0.00024370757071477542
XID:12	-3.0 -3.0 -0.0004345117740176917 -3.0 -3.0 -3.0 -3.0 -0.0004345117740176917 -3.0 -3.0 -0.0004345117740176917 -4.396290654079335 -4.667816131459015 -4.820770027657914 -4.266639804683737 -3.2113396129464595 -2.8446821850633257 -4.269174942783707 -0.0012477816685048993 -3.920713812132541 -3.9818822794089996 -3.3816568925599713
XID:13	-3.0 -3.0 -0.0004345117740176917 -3.0 -3.0 -3.0 -3.0 -0.0004345117740176917 -3.0 -0.0004345117740176917 -3.0 -4.4385563267789525 -4.967195958212276 -5.481828366397738 -4.492779850198603 -3.3259181663354944 -3.144045556643629 -7.159911478507861 -5.112771037992247 -4.205972982312855 -0.0006775934187039511 -3.664875219571642
XID:14	-3.0 -3.0 -0.0004345117740176917 -3.0 -3.0 -3.0 -3.0 -0.0004345117740176917 -3.0 -0.0004345117740176917 -3.0 -4.396290654079335 -4.667816131459015 -4.820770027657914 -4.266639804683737 -3.2113396129464595 -2.8446821850633257 -4.269174942783707 -0.0012477816685048993 -3.920713812132541 -3.9818822794089996 -3.3816568925599713
XID:15	-3.0 -3.0 -0.0004345117740176917 -3.0 -3.0 -3.0 -3.0 -0.0004345117740176917 -0.0004345117740176917 -3.0 -3.0 -4.396290654079335 -4.667816131459015 -4.820770027657914 -4.266639804683737 -3.2113396129464595 -2.8446821850633257 -4.269174942783707 -0.0012477816685048993 -3.920713812132541 -3.9818822794089996 -3.3816568925599713
XID:16	-3.0 -3.0 -0.0004345117740176917 -3.0 -3.0 -3.0 -3.0 -0.0004345117740176917 -0.0004345117740176917 -3.0 -3.0 -3.7555076412616972 -2.4382417061136286 -3.633898446193342 -2.969894351388954 -5.37647574349364 -3.4312223374763167 -2.0443093640184604 -3.8914992457822093 -0.007234025856350071 -3.8351061005788627 -2.765763732137324
XID:17	-3.0 -3.0 -0.0004345117740176917 -3.0 -3.0 -3.0 -0.0004345117740176917 -3.0 -3.0 -3.0 -3.0 -4.169549275396662 -3.791056377996225 -5.462955772895204 -3.7175908954344465 -3.1437648792065658 -7.103602215984456 -0.0009316917393622066 -3.6920314159113317 -3.315930600644629 -5.499845889712693 -3.5081790375099855
XID:18	-3.0 -3.0 -0.0004345117740176917 -3.0 -3.0 -3.0 -0.0004345117740176917 -3.0 -3.0 -3.0 -0.0004345117740176917 -4.951826314251628 -5.294599896514366 -6.219848370754678 -8.421341310241386 -3.6632761673364658 -4.086131599418158 -4.454958985877573 -5.022228853496395 -4.155417214689978 -3.884246411032758 -0.00024370757071477542
XID:19	-3.0 -3.0 -0.0004345117740176917 -3.0 -3.0 -3.0 -0.0004345117740176917 -3.0 -3.0 -3.0 -0.0004345117740176917 -4.169549275396662 -3.791056377996225 -5.462955772895204 -3.7175908954344465 -3.1437648792065658 -7.103602215984456 -0.0009316917393622066 -3.6920314159113317 -3.315930600644629 -5.499845889712693 -3.5081790375099855
XID:20	-3.0 -3.0 -0.0004345117740176917 -3.0 -3.0 -3.0 -0.0004345117740176917 -3.0 -3.0 -0.0004345117740176917 -0.0004345117740176917 -4.4385563267789525 -4.967195958212276 -5.481828366397738 -4.492779850198603 -3.3259181663354944 -3.144045556643629 -7.159911478507861 -5.112771037992247 -4.205972982312855 -0.0006775934187039511 -3.664875219571642
XID:21	-3.0 -3.0 -0.0004345117740176917 -3.0 -3.0 -3.0 -0.0004345117740176917 -3.0 -0.0004345117740176917 -3.0 -3.0 -4.169549275396662 -3.791056377996225 -5.462955772895204 -3.7175908954344465 -3.1437648792065658 -7.103602215984456 -0.0009316917393622066 -3.6920314159113317 -3.315930600644629 -5.499845889712693 -3.5081790375099855
XID:22	-3.0 -3.0 -0.0004345117740176917 -3.0 -3.0 -3.0 -0.0004345117740176917 -3.0 -0.0004345117740176917 -0.0004345117740176917 -3.0 -4.169549275396662 -3.791056377996225 -5.462955772895204 -3.7175908954344465 -3.1437648792065658 -7.103602215984456 -0.0009316917393622066 -3.6920314159113317 -3.315930600644629 -5.499845889712693 -3.5081790375099855
XID:23	-3.0 -3.0 -0.0004345117740176917 -3.0 -3.0 -3.0 -0.0004345117740176917 -0.0004345117740176917 -3.0 -3.0 -3.0 -4.396290654079335 -4.667816131459015 -4.820770027657914 -4.266639804683737 -3.2113396129464595 -2.8446821850633257 -4.269174942783707 -0.0012477816685048993 -3.920713812132541 -3.9818822794089996 -3.3816568925599713
XID:24	-3.0 -3.0 -0.0004345117740176917 -3.0 -3.0 -3.0 -0.0004345117740176917 -0.0004345117740176917 -3.0 -3.0 -3.0 -4.169549275396662 -3.791056377996225 -5.462955772895204 -3.7175908954344465 -3.1437648792065658 -7.103602215984456 -0.0009316917393622066 -3.6920314159113317 -3.315930600644629 -5.499845889712693 -3.5081790375099855
XID:25	-3.0 -3.0 -0.0004345117740176917 -3.0 -3.0 -0.0004345117740176917 -3.0 -3.0 -3.0 -3.0 -3.0 -4.380223402127346 -4.6127294430301 -4.6255394465125415 -4.957440237418626 -3.7150371585095137 -0.0003545289647308141 -7.8322574421611595 -4.094009944396669 -4.063061218898793 -3.599724566144756 -3.9836018630896697
XID:26	-3.0 -3.0 -0.0004345117740176917 -3.0 -3.0 -0.0004345117740176917 -3.0 -3.0 -3.0 -3.0 -0.0004345117740176917 -4.951826314251628 -5.294599896514366 -6.219848370754678 -8.421341310241386 -3.6632761673364658 -4.086131599418158 -4.454958985877573 -5.022228853496395 -4.155417214689978 -3.884246411032758 -0.00024370757071477542
XID:27	-3.0 -3.0 -0.0004345117740176917 -3.0 -3.0 -0.0004345117740176917 -3.0 -3.0 -3.0 -3.0 -0.0004345117740176917 -4.380223402127346 -4.6127294430301 -4.6255394465125415 -4.957440237418626 -3.7150371585095137 -0.0003545289647308141 -7.8322574421611595 -4.094009944396669 -4.063061218898793 -3.599724566144756 -3.9836018630896697
XID:28	-3.0 -3.0 -0.0004345117740176917 -3.0 -3.0 -0.0004345117740176917 -3.0 -3.0 -3.0 -0.0004345117740176917 -3.0 -4.4385563267789525 -4.967195958212276 -5.481828366397738 -4.492779850198603 -3.3259181663354944 -3.144045556643629 -7.159911478507861 -5.112771037992247 -4.205972982312855 -0.0006775934187039511 -3.664875219571642
XID:29	-3.0 -3.0 -0.0004345117740176917 -3.0 -3.0 -0.0004345117740176917 -3.0 -3.0 -3.0 -0.0004345117740176917 -3.0 -4.380223402127346 -4.6127294430301 -4.6255394465125415 -4.957440237418626 -3.7150371585095137 -0.0003545289647308141 -7.8322574421611595 -4.094009944396669 -4.063061218898793 -3.599724566144756 -3.9836018630896697
XID:30	-3.0 -3.0 -0.0004345117740176917 -3.0 -3.0 -0.0004345117740176917 -3.0 -3.0 -0.0004345117740176917 -3.0 -3.0 -4.380223402127346 -4.6127294430301 -4.6255394465125415 -4.957440237418626 -3.7150371585095137 -0.0003545289647308141 -7.8322574421611595 -4.094009944396669 -4.063061218898793 -3.599724566144756 -3.9836018630896697
XID:31	-3.0 -3.0 -0.0004345117740176917 -3.0 -3.0 -0.0004345117740176917 -3.0 -3.0 -0.0004345117740176917 -3.0 -3.0 -3.7555076412616972 -2.4382417061136286 -3.633898446193342 -2.969894351388954 -5.37647574349364 -3.4312223374763167 -2.0443093640184604 -3.8914992457822093 -0.007234025856350071 -3.8351061005788627 -2.765763732137324
XID:32	-3.0 -3.0 -0.0004345117740176917 -3.0 -3.0 -0.0004345117740176917 -3.0 -0.0004345117740176917 -3.0 -3.0 -3.0 -4.396290654079335 -4.667816131459015 -4.820770027657914 -4.266639804683737 -3.2113396129464595 -2.8446821850633257 -4.269174942783707 -0.0012477816685048993 -3.920713812132541 -3.9818822794089996 -3.3816568925599713
XID:33	-3.0 -3.0 -0.0004345117740176917 -3.0 -3.0 -0.0004345117740176917 -3.0 -0.0004345117740176917 -3.0 -3.0 -3.0 -4.380223402127346 -4.6127294430301 -4.6255394465125415 -4.957440237418626 -3.7150371585095137 -0.0003545289647308141 -7.8322574421611595 -4.094009944396669 -4.063061218898793 -3.599724566144756 -3.9836018630896697
XID:34	-3.0 -3.0 -0.0004345117740176917 -3.0 -0.0004345117740176917 -3.0 -3.0 -3.0 -3.0 -3.0 -3.0 -4.7380380635784265 -4.1693426963995055 -4.437595304240913 -4.820209871851229 -0.0007985326402514566 -3.4782605994564526 -3.5527365099459294 -4.729346779834866 -5.350683643016387 -3.25674273252639 -3.2921284770111567
XID:35	-3.0 -3.0 -0.0004345117740176917 -3.0 -0.0004345117740176917 -3.0 -3.0 -3.0 -3.0 -3.0 -0.0004345117740176917 -4.951826314251628 -5.294599896514366 -6.219848370754678 -8.421341310241386 -3.6632761673364658 -4.086131599418158 -4.454958985877573 -5.022228853496395 -4.155417214689978 -3.884246411032758 -0.00024370757071477542
XID:36	-3.0 -3.0 -0.0004345117740176917 -3.0 -0.0004345117740176917 -3.0 -3.0 -3.0 -3.0 -3.0 -0.0004345117740176917 -4.7380380635784265 -4.1693426963995055 -4.437595304240913 -4.820209871851229 -0.0007985326402514566 -3.4782605994564526 -3.5527365099459294 -4.729346779834866 -5.350683643016387 -3.25674273252639 -3.2921284770111567
XID:37	-3.0 -3.0 -0.0004345117740176917 -3.0 -0.0004345117740176917 -3.0 -3.0 -3.0 -3.0 -0.0004345117740176917 -3.0 -4.7380380635784265 -4.1693426963995055 -4.437595304240913 -4.820209871851229 -0.0007985326402514566 -3.4782605994564526 -3.5527365099459294 -4.729346779834866 -5.350683643016387 -3.25674273252639 -3.2921284770111567
XID:38	-3.0 -3.0 -0.0004345117740176917 -3.0 -0.0004345117740176917 -3.0 -3.0 -3.0 -3.0 -0.0004345117740176917 -3.0 -4.4385563267789525 -4.967195958212276 -5.481828366397738 -4.492779850198603 -3.3259181663354944 -3.144045556643629 -7.159911478507861 -5.112771037992247 -4.205972982312855 -0.0006775934187039511 -3.664875219571642
XID:39	-3.0 -3.0 -0.0004345117740176917 -3.0 -0.0004345117740176917 -3.0 -3.0 -3.0 -0.0004345117740176917 -3.0 -3.0 -3.7555076412616972 -2.4382417061136286 -3.633898446193342 -2.969894351388954 -5.37647574349364 -3.4312223374763167 -2.0443093640184604 -3.8914992457822093 -0.007234025856350071 -3.8351061005788627 -2.765763732137324
XID:40	-3.0 -3.0 -0.0004345117740176917 -3.0 -0.0004345117740176917 -3.0 -3.0 -0.0004345117740176917 -3.0 -3.0 -3.0 -4.7380380635784265 -4.1693426963995055 -4.437595304240913 -4.820209871851229 -0.0007985326402514566 -3.4782605994564526 -3.5527365099459294 -4.729346779834866 -5.350683643016387 -3.25674273252639 -3.2921284770111567
XID:41	-3.0 -3.0 -0.0004345117740176917 -3.0 -0.0004345117740176917 -3.0 -3.0 -0.0004345117740176917 -3.0 -3.0 -3.0 -4.396290654079335 -4.667816131459015 -4.820770027657914 -4.266639804683737 -3.2113396129464595 -2.8446821850633257 -4.269174942783707 -0.0012477816685048993 -3.920713812132541 -3.9818822794089996 -3.3816568925599713
XID:42	-3.0 -3.0 -0.0004345117740176917 -3.0 -0.0004345117740176917 -3.0 -0.0004345117740176917 -3.0 -3.0 -3.0 -3.0 -4.169549275396662 -3.791056377996225 -5.462955772895204 -3.7175908954344465 -3.1437648792065658 -7.103602215984456 -0.0009316917393622066 -3.6920314159113317 -3.315930600644629 -5.499845889712693 -3.5081790375099855
XID:43	-3.0 -3.0 -0.0004345117740176917 -3.0 -0.0004345117740176917 -3.0 -0.0004345117740176917 -3.0 -3.0 -0.0004345117740176917 -3.0 -4.4385563267789525 -4.967195958212276 -5.481828366397738 -4.492779850198603 -3.3259181663354944 -3.144045556643629 -7.159911478507861 -5.112771037992247 -4.205972982312855 -0.0006775934187039511 -3.664875219571642
XID:44	-3.0 -3.0 -0.0004345117740176917 -3.0 -0.0004345117740176917 -0.0004345117740176917 -3.0 -3.0 -3.0 -3.0 -3.0 -4.7380380635784265 -4.1693426963995055 -4.437595304240913 -4.820209871851229 -0.0007985326402514566 -3.4782605994564526 -3.5527365099459294 -4.729346779834866 -5.350683643016387 -3.25674273252639 -3.2921284770111567
XID:45	-3.0 -3.0 -0.0004345117740176917 -3.0 -0.0004345117740176917 -0.0004345117740176917 -3.0 -3.0 -3.0 -3.0 -3.0 -4.380223402127346 -4.6127294430301 -4.6255394465125415 -4.957440237418626 -3.7150371585095137 -0.0003545289647308141 -7.8322574421611595 -4.094009944396669 -4.063061218898793 -3.599724566144756 -3.9836018630896697
XID:46	-3.0 -3.0 -0.0004345117740176917 -0.0004345117740176917 -3.0 -3.0 -3.0 -3.0 -0.0004345117740176917 -3.0 -3.0 -4.155153923861836 -3.5082294213241263 -3.5167908250217077 -0.0012447328708017546 -4.0515792091660945 -4.583010200820828 -3.2446542390706585 -3.842256214858296 -3.348419636186554 -3.0452120697960643 -6.459494089808277
XID:47	-3.0 -3.0 -0.0004345117740176917 -0.0004345117740176917 -3.0 -3.0 -3.0 -3.0 -0.0004345117740176917 -3.0 -3.0 -3.7555076412616972 -2.4382417061136286 -3.633898446193342 -2.969894351388954 -5.37647574349364 -3.4312223374763167 -2.0443093640184604 -3.8914992457822093 -0.007234025856350071 -3.8351061005788627 -2.765763732137324
XID:48	-3.0 -3.0 -0.0004345117740176917 -0.0004345117740176917 -3.0 -3.0 -3.0 -3.0 -0.0004345117740176917 -3.0 -0.0004345117740176917 -4.951826314251628 -5.294599896514366 -6.219848370754678 -8.421341310241386 -3.6632761673364658 -4.086131599418158 -4.454958985877573 -5.022228853496395 -4.155417214689978 -3.884246411032758 -0.00024370757071477542
XID:49	-3.0 -3.0 -0.0004345117740176917 -0.0004345117740176917 -3.0 -3.0 -3.0 -3.0 -0.0004345117740176917 -3.0 -0.0004345117740176917 -4.155153923861836 -3.5082294213241263 -3.5167908250217077 -0.0012447328708017546 -4.0515792091660945 -4.583010200820828 -3.2446542390706585 -3.842256214858296 -3.348419636186554 -3.0452120697960643 -6.459494089808277
XID:50	-3.0 -3.0 -0.0004345117740176917 -0.0004345117740176917 -3.0 -3.0 -3.0 -3.0 -0.0004345117740176917 -0.0004345117740176917 -3.0 -4.4385563267789525 -4.967195958212276 -5.481828366397738 -4.492779850198603 -3.3259181663354944 -3.144045556643629 -7.159911478507861 -5.112771037992247 -4.205972982312855 -0.0006775934187039511 -3.664875219571642
XID:51	-3.0 -3.0 -0.0004345117740176917 -0.0004345117740176917 -3.0 -3.0 -3.0 -3.0 -0.0004345117740176917 -0.0004345117740176917 -3.0 -4.155153923861836 -3.5082294213241263 -3.5167908250217077 -0.0012447328708017546 -4.0515792091660945 -4.583010200820828 -3.2446542390706585 -3.842256214858296 -3.348419636186554 -3.0452120697960643 -6.459494089808277
XID:52	-3.0 -3.0 -0.0004345117740176917 -0.0004345117740176917 -3.0 -3.0 -3.0 -0.0004345117740176917 -0.0004345117740176917 -3.0 -3.0 -4.396290654079335 -4.667816131459015 -4.820770027657914 -4.266639804683737 -3.2113396129464595 -2.8446821850633257 -4.269174942783707 -0.0012477816685048993 -3.920713812132541 -3.9818822794089996 -3.3816568925599713
XID:53	-3.0 -3.0 -0.0004345117740176917 -0.0004345117740176917 -3.0 -3.0 -0.0004345117740176917 -3.0 -0.0004345117740176917 -3.0 -3.0 -4.169549275396662 -3.791056377996225 -5.462955772895204 -3.7175908954344465 -3.1437648792065658 -7.103602215984456 -0.0009316917393622066 -3.6920314159113317 -3.315930600644629 -5.499845889712693 -3.5081790375099855
XID:54	-3.0 -3.0 -0.0004345117740176917 -0.0004345117740176917 -3.0 -3.0 -0.0004345117740176917 -3.0 -0.0004345117740176917 -3.0 -3.0 -4.155153923861836 -3.5082294213241263 -3.5167908250217077 -0.0012447328708017546 -4.0515792091660945 -4.583010200820828 -3.2446542390706585 -3.842256214858296 -3.348419636186554 -3.0452120697960643 -6.459494089808277
XID:55	-3.0 -3.0 -0.0004345117740176917 -0.0004345117740176917 -3.0 -0.0004345117740176917 -3.0 -3.0 -0.0004345117740176917 -3.0 -3.0 -4.380223402127346 -4.6127294430301 -4.6255394465125415 -4.957440237418626 -3.7150371585095137 -0.0003545289647308141 -7.8322574421611595 -4.094009944396669 -4.063061218898793 -3.599724566144756 -3.9836018630896697
XID:56	-3.0 -3.0 -0.0004345117740176917 -0.0004345117740176917 -3.0 -0.0004345117740176917 -3.0 -3.0 -0.0004345117740176917 -3.0 -3.0 -4.155153923861836 -3.5082294213241263 -3.5167908250217077 -0.0012447328708017546 -4.0515792091660945 -4.583010200820828 -3.2446542390706585 -3.842256214858296 -3.348419636186554 -3.0452120697960643 -6.459494089808277

TraceID:0	(0,StackAr)	(1,<END>)
TraceID:1	(0,StackAr)	(1,isEmpty:TRUE)	(34,<END>)
TraceID:2	(0,StackAr)	(1,isFull:TRUE)	(17,<END>)
TraceID:3	(0,StackAr)	(1,makeEmpty)	(10,push)	(16,<END>)
TraceID:4	(0,StackAr)	(1,topAndPop)	(2,isFull:TRUE)	(19,<END>)
TraceID:5	(0,StackAr)	(1,topAndPop)	(2,isFull:FALSE)	(27,<END>)
TraceID:6	(0,StackAr)	(1,top)	(3,isFull:FALSE)	(29,<END>)
TraceID:7	(0,StackAr)	(1,makeEmpty)	(10,isEmpty:TRUE)	(40,<END>)
TraceID:8	(0,StackAr)	(1,isEmpty:TRUE)	(34,isFull:TRUE)	(42,<END>)
TraceID:9	(0,StackAr)	(1,top)	(3,makeEmpty)	(14,<END>)
TraceID:10	(0,StackAr)	(1,isEmpty:TRUE)	(34,push)	(39,<END>)
TraceID:11	(0,StackAr)	(1,topAndPop)	(2,makeEmpty)	(12,<END>)
TraceID:12	(0,StackAr)	(1,isEmpty:TRUE)	(34,isEmpty:TRUE)	(34,<END>)
TraceID:13	(0,StackAr)	(1,makeEmpty)	(10,top)	(13,<END>)
TraceID:14	(0,StackAr)	(1,makeEmpty)	(10,topAndPop)	(11,<END>)
TraceID:15	(0,StackAr)	(1,push)	(5,makeEmpty)	(15,<END>)
TraceID:16	(0,StackAr)	(1,top)	(3,topAndPop)	(4,<END>)
TraceID:17	(0,StackAr)	(1,isFull:FALSE)	(25,isEmpty:TRUE)	(44,<END>)
TraceID:18	(0,StackAr)	(1,isFull:FALSE)	(25,top)	(28,<END>)
TraceID:19	(0,StackAr)	(1,isFull:TRUE)	(17,makeEmpty)	(23,<END>)
TraceID:20	(0,StackAr)	(1,top)	(3,isEmpty:TRUE)	(37,<END>)
TraceID:21	(0,StackAr)	(1,isFull:FALSE)	(25,push)	(31,<END>)
TraceID:22	(0,StackAr)	(1,makeEmpty)	(10,isFull:TRUE)	(24,<END>)
TraceID:23	(0,StackAr)	(1,makeEmpty)	(10,isFull:FALSE)	(33,<END>)
TraceID:24	(0,StackAr)	(1,isEmpty:TRUE)	(34,top)	(38,<END>)
TraceID:25	(0,StackAr)	(1,topAndPop)	(2,isEmpty:TRUE)	(36,<END>)
TraceID:26	(0,StackAr)	(1,isEmpty:TRUE)	(34,isFull:FALSE)	(45,<END>)
TraceID:27	(0,StackAr)	(1,makeEmpty)	(10,makeEmpty)	(10,<END>)
TraceID:28	(0,StackAr)	(1,topAndPop)	(2,topAndPop)	(2,<END>)
TraceID:29	(0,StackAr)	(1,top)	(3,top)	(3,<END>)
TraceID:30	(0,StackAr)	(1,isFull:FALSE)	(25,topAndPop)	(26,<END>)
TraceID:31	(0,StackAr)	(1,isFull:FALSE)	(25,isFull:FALSE)	(25,<END>)
TraceID:32	(0,StackAr)	(1,isEmpty:TRUE)	(34,makeEmpty)	(41,<END>)
TraceID:33	(0,StackAr)	(1,isFull:FALSE)	(25,makeEmpty)	(32,<END>)
TraceID:34	(0,StackAr)	(1,topAndPop)	(2,push)	(7,<END>)
TraceID:35	(0,StackAr)	(1,top)	(3,push)	(9,<END>)
TraceID:36	(0,StackAr)	(1,isEmpty:TRUE)	(34,topAndPop)	(35,<END>)
TraceID:37	(0,StackAr)	(1,push)	(5,isFull:TRUE)	(21,isFull:TRUE)	(21,<END>)
TraceID:38	(0,StackAr)	(1,push)	(5,isEmpty:FALSE)	(46,isEmpty:FALSE)	(46,<END>)
TraceID:39	(0,StackAr)	(1,push)	(5,isFull:TRUE)	(21,isEmpty:FALSE)	(54,<END>)
TraceID:40	(0,StackAr)	(1,push)	(5,isEmpty:FALSE)	(46,makeEmpty)	(52,<END>)
TraceID:41	(0,StackAr)	(1,push)	(5,isEmpty:FALSE)	(46,top)	(50,<END>)
TraceID:42	(0,StackAr)	(1,push)	(5,top)	(8,isFull:TRUE)	(22,<END>)
TraceID:43	(0,StackAr)	(1,isFull:TRUE)	(17,topAndPop)	(18,top)	(20,<END>)
TraceID:44	(0,StackAr)	(1,push)	(5,top)	(8,isEmpty:FALSE)	(51,<END>)
TraceID:45	(0,StackAr)	(1,push)	(5,isEmpty:FALSE)	(46,isFull:FALSE)	(55,<END>)
TraceID:46	(0,StackAr)	(1,push)	(5,isEmpty:FALSE)	(46,topAndPop)	(48,<END>)
TraceID:47	(0,StackAr)	(1,isEmpty:TRUE)	(34,isFull:TRUE)	(42,top)	(43,<END>)
TraceID:48	(0,StackAr)	(1,push)	(5,isFull:FALSE)	(30,isEmpty:FALSE)	(56,<END>)
TraceID:49	(0,StackAr)	(1,push)	(5,isEmpty:FALSE)	(46,push)	(47,<END>)
TraceID:50	(0,StackAr)	(1,push)	(5,push)	(5,topAndPop)	(6,isEmpty:FALSE)	(49,<END>)
TraceID:51	(0,StackAr)	(1,push)	(5,push)	(5,push)	(5,isEmpty:FALSE)	(46,isFull:TRUE)	(53,<END>)
