<END>	<START>	StringTokenizer	hasMoreTokens:FALSE	hasMoreTokens:TRUE	nextToken
XID:0	-3.0 -3.0 -3.0 -3.0 -3.0 -3.0 -18.23962577420025 -8.424004379796733 0.0 -17.381618200345923 -14.413401444321602 -17.091612574302854
XID:1	-3.0 -3.0 -0.0004345117740176917 -3.0 -3.0 -3.0 -1.291374324333729 -2.300573358018329 -3.1395631652407334 -0.13504298750873067 -0.7061492765966162 -1.86417747996652
XID:2	-3.0 -3.0 -0.0004345117740176917 -3.0 -3.0 -0.0004345117740176917 -3.9740268174887903 -3.8084651529932163 -4.487312936134507 -1.2692031942780262 -0.024226405282542843 -3.7956574984377003
XID:3	-3.0 -3.0 -0.0004345117740176917 -3.0 -0.0004345117740176917 -3.0 -1.4137503611339581 -2.0194558025431038 -2.6276459452301832 -2.806727877937949 -1.8432994474179827 -0.029836365876012946
XID:4	-3.0 -3.0 -0.0004345117740176917 -3.0 -0.0004345117740176917 -0.0004345117740176917 -3.9740268174887903 -3.8084651529932163 -4.487312936134507 -1.2692031942780262 -0.024226405282542843 -3.7956574984377003
XID:5	-3.0 -3.0 -0.0004345117740176917 -3.0 -0.0004345117740176917 -0.0004345117740176917 -1.4137503611339581 -2.0194558025431038 -2.6276459452301832 -2.806727877937949 -1.8432994474179827 -0.029836365876012946
XID:6	-3.0 -3.0 -0.0004345117740176917 -0.0004345117740176917 -3.0 -3.0 -0.4492776886068237 -1.3545521846680235 -6.810001855973957 -0.2216439556791664 -4.603676835583344 -4.067199115628957
XID:7	-3.0 -3.0 -0.0004345117740176917 -0.0004345117740176917 -3.0 -0.0004345117740176917 -0.4492776886068237 -1.3545521846680235 -6.810001855973957 -0.2216439556791664 -4.603676835583344 -4.067199115628957

TraceID:0	(0,StringTokenizer)	(1,<END>)
TraceID:1	(0,StringTokenizer)	(1,hasMoreTokens:FALSE)	(6,<END>)
TraceID:2	(0,StringTokenizer)	(1,hasMoreTokens:TRUE)	(3,hasMoreTokens:TRUE)	(3,<END>)
TraceID:3	(0,StringTokenizer)	(1,hasMoreTokens:FALSE)	(6,hasMoreTokens:FALSE)	(6,<END>)
TraceID:4	(0,StringTokenizer)	(1,nextToken)	(2,nextToken)	(2,nextToken)	(2,<END>)
TraceID:5	(0,StringTokenizer)	(1,hasMoreTokens:TRUE)	(3,hasMoreTokens:TRUE)	(3,nextToken)	(4,hasMoreTokens:TRUE)	(5,<END>)
TraceID:6	(0,StringTokenizer)	(1,nextToken)	(2,nextToken)	(2,nextToken)	(2,nextToken)	(2,nextToken)	(2,hasMoreTokens:FALSE)	(7,<END>)
