<END>	<START>	Hashtable	clone	get	hashCode	isEmpty:FALSE	isEmpty:TRUE	put	remove
XID:0	-3.0 -3.0 -3.0 -3.0 -3.0 -3.0 -3.0 -3.0 -3.0 -3.0 -4.970198364226983 -8.052001964039993 -6.514466087161038e-06 -6.42852060147309 -5.755391407660794 -6.187182866947527 -8.465014934075768 -7.371521154753746 -6.472511880112008 -6.23925267121871
XID:1	-3.0 -3.0 -0.0004345117740176917 -3.0 -3.0 -3.0 -3.0 -3.0 -3.0 -3.0 -3.6461299117148167 -4.839699576678534 -9.270727460305338 -1.5117102205717905 -1.292789330054273 -2.043329826578421 -3.153042821664862 -3.730750981533537 -0.050915570886160263 -1.7280074617184416
XID:2	-3.0 -3.0 -0.0004345117740176917 -3.0 -3.0 -3.0 -3.0 -3.0 -3.0 -0.0004345117740176917 -4.688144462383323 -11.471959195831966 -10.14476622775777 -4.443330916427849 -4.7951667318604825 -5.834684435236785 -4.861409972918597 -6.800006355274682 -5.093993767045176 -4.169427161976614e-05
XID:3	-3.0 -3.0 -0.0004345117740176917 -3.0 -3.0 -3.0 -3.0 -3.0 -0.0004345117740176917 -3.0 -5.177737092582144 -9.82973535019278 -11.069239900018951 -4.423662105732217 -4.231065318463351 -5.258046760725111 -4.231427750778584 -8.951410608021233 -7.513944511867633e-05 -5.248504572685966
XID:4	-3.0 -3.0 -0.0004345117740176917 -3.0 -3.0 -3.0 -3.0 -3.0 -0.0004345117740176917 -0.0004345117740176917 -5.177737092582144 -9.82973535019278 -11.069239900018951 -4.423662105732217 -4.231065318463351 -5.258046760725111 -4.231427750778584 -8.951410608021233 -7.513944511867633e-05 -5.248504572685966
XID:5	-3.0 -3.0 -0.0004345117740176917 -3.0 -3.0 -3.0 -3.0 -3.0 -0.0004345117740176917 -0.0004345117740176917 -4.688144462383323 -11.471959195831966 -10.14476622775777 -4.443330916427849 -4.7951667318604825 -5.834684435236785 -4.861409972918597 -6.800006355274682 -5.093993767045176 -4.169427161976614e-05
XID:6	-3.0 -3.0 -0.0004345117740176917 -3.0 -3.0 -3.0 -3.0 -0.0004345117740176917 -3.0 -3.0 -7.365980441239552 -15.368869888605621 -8.567980463971303 -6.7522648020682405 -6.056273559571628 -7.4217872725807545 -7.943701297985487 -4.34294699063126e-07 -7.9370647077365755 -8.313521928525054
XID:7	-3.0 -3.0 -0.0004345117740176917 -3.0 -3.0 -3.0 -3.0 -0.0004345117740176917 -3.0 -0.0004345117740176917 -7.365980441239552 -15.368869888605621 -8.567980463971303 -6.7522648020682405 -6.056273559571628 -7.4217872725807545 -7.943701297985487 -4.34294699063126e-07 -7.9370647077365755 -8.313521928525054
XID:8	-3.0 -3.0 -0.0004345117740176917 -3.0 -3.0 -3.0 -0.0004345117740176917 -3.0 -0.0004345117740176917 -3.0 -5.177737092582144 -9.82973535019278 -11.069239900018951 -4.423662105732217 -4.231065318463351 -5.258046760725111 -4.231427750778584 -8.951410608021233 -7.513944511867633e-05 -5.248504572685966
XID:9	-3.0 -3.0 -0.0004345117740176917 -3.0 -3.0 -3.0 -0.0004345117740176917 -3.0 -0.0004345117740176917 -3.0 -4.306567662421327 -11.97905894013768 -7.987027869808955 -4.055954803696767 -4.05381900810139 -5.309491163324162 -0.00013334887604424172 -6.021241265513653 -4.5650241356218855 -4.313471871015626
XID:10	-3.0 -3.0 -0.0004345117740176917 -3.0 -3.0 -3.0 -0.0004345117740176917 -3.0 -0.0004345117740176917 -0.0004345117740176917 -4.688144462383323 -11.471959195831966 -10.14476622775777 -4.443330916427849 -4.7951667318604825 -5.834684435236785 -4.861409972918597 -6.800006355274682 -5.093993767045176 -4.169427161976614e-05
XID:11	-3.0 -3.0 -0.0004345117740176917 -3.0 -3.0 -3.0 -0.0004345117740176917 -3.0 -0.0004345117740176917 -0.0004345117740176917 -4.306567662421327 -11.97905894013768 -7.987027869808955 -4.055954803696767 -4.05381900810139 -5.309491163324162 -0.00013334887604424172 -6.021241265513653 -4.5650241356218855 -4.313471871015626
XID:12	-3.0 -3.0 -0.0004345117740176917 -3.0 -3.0 -0.0004345117740176917 -3.0 -3.0 -3.0 -3.0 -5.794533080988844 -11.78306914625898 -8.184036604764206 -4.316207552383947 -4.802970440092617 -0.00023762407771287723 -5.585278950171957 -3.3691035025906113 -4.369255927267494 -5.062257997648867
XID:13	-3.0 -3.0 -0.0004345117740176917 -3.0 -3.0 -0.0004345117740176917 -3.0 -3.0 -3.0 -0.0004345117740176917 -5.794533080988844 -11.78306914625898 -8.184036604764206 -4.316207552383947 -4.802970440092617 -0.00023762407771287723 -5.585278950171957 -3.3691035025906113 -4.369255927267494 -5.062257997648867
XID:14	-3.0 -3.0 -0.0004345117740176917 -3.0 -3.0 -0.0004345117740176917 -3.0 -3.0 -3.0 -0.0004345117740176917 -4.688144462383323 -11.471959195831966 -10.14476622775777 -4.443330916427849 -4.7951667318604825 -5.834684435236785 -4.861409972918597 -6.800006355274682 -5.093993767045176 -4.169427161976614e-05
XID:15	-3.0 -3.0 -0.0004345117740176917 -3.0 -3.0 -0.0004345117740176917 -3.0 -3.0 -0.0004345117740176917 -3.0 -5.794533080988844 -11.78306914625898 -8.184036604764206 -4.316207552383947 -4.802970440092617 -0.00023762407771287723 -5.585278950171957 -3.3691035025906113 -4.369255927267494 -5.062257997648867
XID:16	-3.0 -3.0 -0.0004345117740176917 -3.0 -3.0 -0.0004345117740176917 -3.0 -3.0 -0.0004345117740176917 -3.0 -5.177737092582144 -9.82973535019278 -11.069239900018951 -4.423662105732217 -4.231065318463351 -5.258046760725111 -4.231427750778584 -8.951410608021233 -7.513944511867633e-05 -5.248504572685966
XID:17	-3.0 -3.0 -0.0004345117740176917 -3.0 -3.0 -0.0004345117740176917 -3.0 -0.0004345117740176917 -3.0 -3.0 -7.365980441239552 -15.368869888605621 -8.567980463971303 -6.7522648020682405 -6.056273559571628 -7.4217872725807545 -7.943701297985487 -4.34294699063126e-07 -7.9370647077365755 -8.313521928525054
XID:18	-3.0 -3.0 -0.0004345117740176917 -3.0 -3.0 -0.0004345117740176917 -3.0 -0.0004345117740176917 -3.0 -3.0 -5.794533080988844 -11.78306914625898 -8.184036604764206 -4.316207552383947 -4.802970440092617 -0.00023762407771287723 -5.585278950171957 -3.3691035025906113 -4.369255927267494 -5.062257997648867
XID:19	-3.0 -3.0 -0.0004345117740176917 -3.0 -3.0 -0.0004345117740176917 -3.0 -0.0004345117740176917 -0.0004345117740176917 -3.0 -5.177737092582144 -9.82973535019278 -11.069239900018951 -4.423662105732217 -4.231065318463351 -5.258046760725111 -4.231427750778584 -8.951410608021233 -7.513944511867633e-05 -5.248504572685966
XID:20	-3.0 -3.0 -0.0004345117740176917 -3.0 -3.0 -0.0004345117740176917 -0.0004345117740176917 -3.0 -0.0004345117740176917 -3.0 -5.794533080988844 -11.78306914625898 -8.184036604764206 -4.316207552383947 -4.802970440092617 -0.00023762407771287723 -5.585278950171957 -3.3691035025906113 -4.369255927267494 -5.062257997648867
XID:21	-3.0 -3.0 -0.0004345117740176917 -3.0 -3.0 -0.0004345117740176917 -0.0004345117740176917 -3.0 -0.0004345117740176917 -3.0 -4.306567662421327 -11.97905894013768 -7.987027869808955 -4.055954803696767 -4.05381900810139 -5.309491163324162 -0.00013334887604424172 -6.021241265513653 -4.5650241356218855 -4.313471871015626
XID:22	-3.0 -3.0 -0.0004345117740176917 -3.0 -0.0004345117740176917 -3.0 -3.0 -3.0 -3.0 -3.0 -5.763392209171925 -13.07468481377635 -7.8098925116859546 -4.414101812293225 -3.7785263608361476e-05 -5.812079010321278 -5.136390481162932 -4.605968807651269 -5.576673829978589 -4.990442880773626
XID:23	-3.0 -3.0 -0.0004345117740176917 -3.0 -0.0004345117740176917 -3.0 -3.0 -3.0 -3.0 -0.0004345117740176917 -5.763392209171925 -13.07468481377635 -7.8098925116859546 -4.414101812293225 -3.7785263608361476e-05 -5.812079010321278 -5.136390481162932 -4.605968807651269 -5.576673829978589 -4.990442880773626
XID:24	-3.0 -3.0 -0.0004345117740176917 -3.0 -0.0004345117740176917 -3.0 -3.0 -3.0 -3.0 -0.0004345117740176917 -4.688144462383323 -11.471959195831966 -10.14476622775777 -4.443330916427849 -4.7951667318604825 -5.834684435236785 -4.861409972918597 -6.800006355274682 -5.093993767045176 -4.169427161976614e-05
XID:25	-3.0 -3.0 -0.0004345117740176917 -3.0 -0.0004345117740176917 -3.0 -3.0 -3.0 -0.0004345117740176917 -3.0 -5.763392209171925 -13.07468481377635 -7.8098925116859546 -4.414101812293225 -3.7785263608361476e-05 -5.812079010321278 -5.136390481162932 -4.605968807651269 -5.576673829978589 -4.990442880773626
XID:26	-3.0 -3.0 -0.0004345117740176917 -3.0 -0.0004345117740176917 -3.0 -3.0 -3.0 -0.0004345117740176917 -3.0 -5.177737092582144 -9.82973535019278 -11.069239900018951 -4.423662105732217 -4.231065318463351 -5.258046760725111 -4.231427750778584 -8.951410608021233 -7.513944511867633e-05 -5.248504572685966
XID:27	-3.0 -3.0 -0.0004345117740176917 -3.0 -0.0004345117740176917 -3.0 -3.0 -0.0004345117740176917 -3.0 -3.0 -7.365980441239552 -15.368869888605621 -8.567980463971303 -6.7522648020682405 -6.056273559571628 -7.4217872725807545 -7.943701297985487 -4.34294699063126e-07 -7.9370647077365755 -8.313521928525054
XID:28	-3.0 -3.0 -0.0004345117740176917 -3.0 -0.0004345117740176917 -3.0 -3.0 -0.0004345117740176917 -3.0 -0.0004345117740176917 -4.688144462383323 -11.471959195831966 -10.14476622775777 -4.443330916427849 -4.7951667318604825 -5.834684435236785 -4.861409972918597 -6.800006355274682 -5.093993767045176 -4.169427161976614e-05
XID:29	-3.0 -3.0 -0.0004345117740176917 -3.0 -0.0004345117740176917 -3.0 -0.0004345117740176917 -3.0 -0.0004345117740176917 -3.0 -5.763392209171925 -13.07468481377635 -7.8098925116859546 -4.414101812293225 -3.7785263608361476e-05 -5.812079010321278 -5.136390481162932 -4.605968807651269 -5.576673829978589 -4.990442880773626
XID:30	-3.0 -3.0 -0.0004345117740176917 -3.0 -0.0004345117740176917 -3.0 -0.0004345117740176917 -3.0 -0.0004345117740176917 -3.0 -4.306567662421327 -11.97905894013768 -7.987027869808955 -4.055954803696767 -4.05381900810139 -5.309491163324162 -0.00013334887604424172 -6.021241265513653 -4.5650241356218855 -4.313471871015626
XID:31	-3.0 -3.0 -0.0004345117740176917 -3.0 -0.0004345117740176917 -0.0004345117740176917 -3.0 -3.0 -3.0 -3.0 -5.794533080988844 -11.78306914625898 -8.184036604764206 -4.316207552383947 -4.802970440092617 -0.00023762407771287723 -5.585278950171957 -3.3691035025906113 -4.369255927267494 -5.062257997648867
XID:32	-3.0 -3.0 -0.0004345117740176917 -3.0 -0.0004345117740176917 -0.0004345117740176917 -3.0 -3.0 -3.0 -3.0 -5.763392209171925 -13.07468481377635 -7.8098925116859546 -4.414101812293225 -3.7785263608361476e-05 -5.812079010321278 -5.136390481162932 -4.605968807651269 -5.576673829978589 -4.990442880773626
XID:33	-3.0 -3.0 -0.0004345117740176917 -0.0004345117740176917 -3.0 -3.0 -3.0 -3.0 -3.0 -3.0 -4.59487571107285 -8.985857638454995 -8.218143421401503 -2.3018217529012048e-05 -5.33055945146266 -5.2801924106971745 -5.665781555428054 -6.099829031006817 -5.013517145233544 -5.311612217296599
XID:34	-3.0 -3.0 -0.0004345117740176917 -0.0004345117740176917 -3.0 -3.0 -3.0 -3.0 -3.0 -0.0004345117740176917 -4.688144462383323 -11.471959195831966 -10.14476622775777 -4.443330916427849 -4.7951667318604825 -5.834684435236785 -4.861409972918597 -6.800006355274682 -5.093993767045176 -4.169427161976614e-05
XID:35	-3.0 -3.0 -0.0004345117740176917 -0.0004345117740176917 -3.0 -3.0 -3.0 -3.0 -3.0 -0.0004345117740176917 -4.59487571107285 -8.985857638454995 -8.218143421401503 -2.3018217529012048e-05 -5.33055945146266 -5.2801924106971745 -5.665781555428054 -6.099829031006817 -5.013517145233544 -5.311612217296599
XID:36	-3.0 -3.0 -0.0004345117740176917 -0.0004345117740176917 -3.0 -3.0 -3.0 -3.0 -0.0004345117740176917 -3.0 -5.177737092582144 -9.82973535019278 -11.069239900018951 -4.423662105732217 -4.231065318463351 -5.258046760725111 -4.231427750778584 -8.951410608021233 -7.513944511867633e-05 -5.248504572685966
XID:37	-3.0 -3.0 -0.0004345117740176917 -0.0004345117740176917 -3.0 -3.0 -3.0 -3.0 -0.0004345117740176917 -3.0 -4.59487571107285 -8.985857638454995 -8.218143421401503 -2.3018217529012048e-05 -5.33055945146266 -5.2801924106971745 -5.665781555428054 -6.099829031006817 -5.013517145233544 -5.311612217296599
XID:38	-3.0 -3.0 -0.0004345117740176917 -0.0004345117740176917 -3.0 -3.0 -3.0 -0.0004345117740176917 -3.0 -3.0 -7.365980441239552 -15.368869888605621 -8.567980463971303 -6.7522648020682405 -6.056273559571628 -7.4217872725807545 -7.943701297985487 -4.34294699063126e-07 -7.9370647077365755 -8.313521928525054
XID:39	-3.0 -3.0 -0.0004345117740176917 -0.0004345117740176917 -3.0 -3.0 -3.0 -0.0004345117740176917 -3.0 -3.0 -4.59487571107285 -8.985857638454995 -8.218143421401503 -2.3018217529012048e-05 -5.33055945146266 -5.2801924106971745 -5.665781555428054 -6.099829031006817 -5.013517145233544 -5.311612217296599
XID:40	-3.0 -3.0 -0.0004345117740176917 -0.0004345117740176917 -3.0 -3.0 -0.0004345117740176917 -3.0 -0.0004345117740176917 -3.0 -4.59487571107285 -8.985857638454995 -8.218143421401503 -2.3018217529012048e-05 -5.33055945146266 -5.2801924106971745 -5.665781555428054 -6.099829031006817 -5.013517145233544 -5.311612217296599
XID:41	-3.0 -3.0 -0.0004345117740176917 -0.0004345117740176917 -3.0 -3.0 -0.0004345117740176917 -3.0 -0.0004345117740176917 -3.0 -4.306567662421327 -11.97905894013768 -7.987027869808955 -4.055954803696767 -4.05381900810139 -5.309491163324162 -0.00013334887604424172 -6.021241265513653 -4.5650241356218855 -4.313471871015626
XID:42	-3.0 -3.0 -0.0004345117740176917 -0.0004345117740176917 -3.0 -0.0004345117740176917 -3.0 -3.0 -3.0 -3.0 -5.794533080988844 -11.78306914625898 -8.184036604764206 -4.316207552383947 -4.802970440092617 -0.00023762407771287723 -5.585278950171957 -3.3691035025906113 -4.369255927267494 -5.062257997648867
XID:43	-3.0 -3.0 -0.0004345117740176917 -0.0004345117740176917 -3.0 -0.0004345117740176917 -3.0 -3.0 -3.0 -3.0 -4.59487571107285 -8.985857638454995 -8.218143421401503 -2.3018217529012048e-05 -5.33055945146266 -5.2801924106971745 -5.665781555428054 -6.099829031006817 -5.013517145233544 -5.311612217296599
XID:44	-3.0 -3.0 -0.0004345117740176917 -0.0004345117740176917 -0.0004345117740176917 -3.0 -3.0 -3.0 -3.0 -3.0 -5.763392209171925 -13.07468481377635 -7.8098925116859546 -4.414101812293225 -3.7785263608361476e-05 -5.812079010321278 -5.136390481162932 -4.605968807651269 -5.576673829978589 -4.990442880773626
XID:45	-3.0 -3.0 -0.0004345117740176917 -0.0004345117740176917 -0.0004345117740176917 -3.0 -3.0 -3.0 -3.0 -3.0 -4.59487571107285 -8.985857638454995 -8.218143421401503 -2.3018217529012048e-05 -5.33055945146266 -5.2801924106971745 -5.665781555428054 -6.099829031006817 -5.013517145233544 -5.311612217296599
XID:46	-3.0 -3.0 -0.0004345117740176917 -0.0004345117740176917 -0.0004345117740176917 -3.0 -3.0 -0.0004345117740176917 -3.0 -3.0 -5.763392209171925 -13.07468481377635 -7.8098925116859546 -4.414101812293225 -3.7785263608361476e-05 -5.812079010321278 -5.136390481162932 -4.605968807651269 -5.576673829978589 -4.990442880773626

TraceID:0	(0,Hashtable)	(1,remove)	(2,hashCode)	(13,<END>)
TraceID:1	(0,Hashtable)	(1,hashCode)	(12,hashCode)	(12,<END>)
TraceID:2	(0,Hashtable)	(1,hashCode)	(12,isEmpty:TRUE)	(17,<END>)
TraceID:3	(0,Hashtable)	(1,get)	(22,hashCode)	(31,<END>)
TraceID:4	(0,Hashtable)	(1,clone)	(33,get)	(44,<END>)
TraceID:5	(0,Hashtable)	(1,hashCode)	(12,clone)	(43,<END>)
TraceID:6	(0,Hashtable)	(1,clone)	(33,remove)	(34,<END>)
TraceID:7	(0,Hashtable)	(1,clone)	(33,hashCode)	(42,<END>)
TraceID:8	(0,Hashtable)	(1,hashCode)	(12,put)	(16,<END>)
TraceID:9	(0,Hashtable)	(1,hashCode)	(12,get)	(32,<END>)
TraceID:10	(0,Hashtable)	(1,clone)	(33,isEmpty:TRUE)	(38,<END>)
TraceID:11	(0,Hashtable)	(1,remove)	(2,remove)	(2,<END>)
TraceID:12	(0,Hashtable)	(1,clone)	(33,put)	(36,<END>)
TraceID:13	(0,Hashtable)	(1,remove)	(2,clone)	(35,<END>)
TraceID:14	(0,Hashtable)	(1,remove)	(2,isEmpty:TRUE)	(7,<END>)
TraceID:15	(0,Hashtable)	(1,get)	(22,put)	(26,<END>)
TraceID:16	(0,Hashtable)	(1,isEmpty:TRUE)	(6,hashCode)	(18,<END>)
TraceID:17	(0,Hashtable)	(1,hashCode)	(12,remove)	(14,<END>)
TraceID:18	(0,Hashtable)	(1,remove)	(2,get)	(23,<END>)
TraceID:19	(0,Hashtable)	(1,clone)	(33,isEmpty:TRUE)	(38,clone)	(39,<END>)
TraceID:20	(0,Hashtable)	(1,put)	(3,get)	(25,isEmpty:FALSE)	(30,<END>)
TraceID:21	(0,Hashtable)	(1,get)	(22,get)	(22,remove)	(24,<END>)
TraceID:22	(0,Hashtable)	(1,clone)	(33,isEmpty:TRUE)	(38,get)	(46,<END>)
TraceID:23	(0,Hashtable)	(1,clone)	(33,get)	(44,clone)	(45,<END>)
TraceID:24	(0,Hashtable)	(1,put)	(3,isEmpty:FALSE)	(9,get)	(29,<END>)
TraceID:25	(0,Hashtable)	(1,hashCode)	(12,isEmpty:TRUE)	(17,put)	(19,<END>)
TraceID:26	(0,Hashtable)	(1,put)	(3,isEmpty:FALSE)	(9,put)	(8,<END>)
TraceID:27	(0,Hashtable)	(1,put)	(3,isEmpty:FALSE)	(9,hashCode)	(20,<END>)
TraceID:28	(0,Hashtable)	(1,put)	(3,remove)	(5,put)	(4,<END>)
TraceID:29	(0,Hashtable)	(1,put)	(3,isEmpty:FALSE)	(9,isEmpty:FALSE)	(9,<END>)
TraceID:30	(0,Hashtable)	(1,put)	(3,isEmpty:FALSE)	(9,remove)	(10,<END>)
TraceID:31	(0,Hashtable)	(1,clone)	(33,isEmpty:TRUE)	(38,isEmpty:TRUE)	(38,<END>)
TraceID:32	(0,Hashtable)	(1,put)	(3,remove)	(5,isEmpty:FALSE)	(11,<END>)
TraceID:33	(0,Hashtable)	(1,get)	(22,get)	(22,isEmpty:TRUE)	(27,remove)	(28,<END>)
TraceID:34	(0,Hashtable)	(1,put)	(3,clone)	(37,clone)	(37,isEmpty:FALSE)	(41,<END>)
TraceID:35	(0,Hashtable)	(1,put)	(3,isEmpty:FALSE)	(9,clone)	(40,clone)	(40,<END>)
TraceID:36	(0,Hashtable)	(1,put)	(3,put)	(3,hashCode)	(15,isEmpty:FALSE)	(21,<END>)
