<END>	<START>	ZipOutputStream	close	closeEntry	putNextEntry	write
XID:0	-3.0 -3.0 -3.0 -3.0 -3.0 -3.0 -3.0 -3.807809024012296 -1.048074590007465 -0.04084217509709965 -5.108538369292676 -4.355159800027171 -4.56754864558692 -7.61760649181623
XID:1	-3.0 -3.0 -0.0004345117740176917 -3.0 -3.0 -3.0 -3.0 -3.162928224908852 -1.8604357338241502 -0.3139270702725127 -2.0957395394732985 -0.683459362000732 -0.5469799575280121 -2.976842231001982
XID:2	-3.0 -3.0 -0.0004345117740176917 -3.0 -3.0 -0.0004345117740176917 -3.0 -0.9254212434184649 -2.292695591239881 -3.397777178770023 -1.264221511963341 -1.9760565124799312 -0.14443784101055077 -1.028221940760477
XID:3	-3.0 -3.0 -0.0004345117740176917 -3.0 -3.0 -0.0004345117740176917 -0.0004345117740176917 -1.0247649323838424 -1.4161723514442357 -0.637621210352812 -1.355920023838322 -2.2834983388914 -1.6818510673494351 -0.24659391194808106
XID:4	-3.0 -3.0 -0.0004345117740176917 -3.0 -3.0 -0.0004345117740176917 -0.0004345117740176917 -0.9254212434184649 -2.292695591239881 -3.397777178770023 -1.264221511963341 -1.9760565124799312 -0.14443784101055077 -1.028221940760477
XID:5	-3.0 -3.0 -0.0004345117740176917 -3.0 -0.0004345117740176917 -3.0 -3.0 -2.0742409493646505 -3.6971260016549845 -1.5363981306405732 -1.476482443292249 -0.17528010351337575 -0.6024545098560602 -1.949941345870141
XID:6	-3.0 -3.0 -0.0004345117740176917 -3.0 -0.0004345117740176917 -3.0 -0.0004345117740176917 -2.0742409493646505 -3.6971260016549845 -1.5363981306405732 -1.476482443292249 -0.17528010351337575 -0.6024545098560602 -1.949941345870141
XID:7	-3.0 -3.0 -0.0004345117740176917 -3.0 -0.0004345117740176917 -3.0 -0.0004345117740176917 -1.0247649323838424 -1.4161723514442357 -0.637621210352812 -1.355920023838322 -2.2834983388914 -1.6818510673494351 -0.24659391194808106
XID:8	-3.0 -3.0 -0.0004345117740176917 -3.0 -0.0004345117740176917 -0.0004345117740176917 -3.0 -2.0742409493646505 -3.6971260016549845 -1.5363981306405732 -1.476482443292249 -0.17528010351337575 -0.6024545098560602 -1.949941345870141
XID:9	-3.0 -3.0 -0.0004345117740176917 -3.0 -0.0004345117740176917 -0.0004345117740176917 -3.0 -0.9254212434184649 -2.292695591239881 -3.397777178770023 -1.264221511963341 -1.9760565124799312 -0.14443784101055077 -1.028221940760477
XID:10	-3.0 -3.0 -0.0004345117740176917 -0.0004345117740176917 -3.0 -3.0 -3.0 -0.048975441418442345 -2.524510410876169 -2.7463422080205326 -0.992482655440084 -4.41194128977159 -5.000912977374112 -4.170890577217243
XID:11	-3.0 -3.0 -0.0004345117740176917 -0.0004345117740176917 -3.0 -0.0004345117740176917 -3.0 -0.048975441418442345 -2.524510410876169 -2.7463422080205326 -0.992482655440084 -4.41194128977159 -5.000912977374112 -4.170890577217243
XID:12	-3.0 -3.0 -0.0004345117740176917 -0.0004345117740176917 -3.0 -0.0004345117740176917 -0.0004345117740176917 -0.048975441418442345 -2.524510410876169 -2.7463422080205326 -0.992482655440084 -4.41194128977159 -5.000912977374112 -4.170890577217243
XID:13	-3.0 -3.0 -0.0004345117740176917 -0.0004345117740176917 -0.0004345117740176917 -3.0 -3.0 -0.048975441418442345 -2.524510410876169 -2.7463422080205326 -0.992482655440084 -4.41194128977159 -5.000912977374112 -4.170890577217243
XID:14	-3.0 -3.0 -0.0004345117740176917 -0.0004345117740176917 -0.0004345117740176917 -3.0 -0.0004345117740176917 -0.048975441418442345 -2.524510410876169 -2.7463422080205326 -0.992482655440084 -4.41194128977159 -5.000912977374112 -4.170890577217243
XID:15	-3.0 -3.0 -0.0004345117740176917 -0.0004345117740176917 -0.0004345117740176917 -0.0004345117740176917 -3.0 -0.048975441418442345 -2.524510410876169 -2.7463422080205326 -0.992482655440084 -4.41194128977159 -5.000912977374112 -4.170890577217243

TraceID:0	(0,ZipOutputStream)	(1,close)	(10,<END>)
TraceID:1	(0,ZipOutputStream)	(1,close)	(10,close)	(10,<END>)
TraceID:2	(0,ZipOutputStream)	(1,putNextEntry)	(2,close)	(11,<END>)
TraceID:3	(0,ZipOutputStream)	(1,closeEntry)	(5,putNextEntry)	(9,close)	(15,<END>)
TraceID:4	(0,ZipOutputStream)	(1,closeEntry)	(5,write)	(7,close)	(14,<END>)
TraceID:5	(0,ZipOutputStream)	(1,closeEntry)	(5,closeEntry)	(5,close)	(13,<END>)
TraceID:6	(0,ZipOutputStream)	(1,putNextEntry)	(2,closeEntry)	(8,close)	(15,<END>)
TraceID:7	(0,ZipOutputStream)	(1,putNextEntry)	(2,putNextEntry)	(2,close)	(11,<END>)
TraceID:8	(0,ZipOutputStream)	(1,closeEntry)	(5,write)	(7,write)	(7,close)	(14,<END>)
TraceID:9	(0,ZipOutputStream)	(1,closeEntry)	(5,write)	(7,closeEntry)	(6,close)	(14,<END>)
TraceID:10	(0,ZipOutputStream)	(1,putNextEntry)	(2,write)	(3,putNextEntry)	(4,close)	(12,<END>)
