<END>	<START>	LinkedList	add	add:TRUE	addLast	listIterator	remove	remove:FALSE	remove:TRUE	size	toArray
XID:0	-3.0 -3.0 -3.0 -3.0 -3.0 -3.0 -3.0 -3.0 -3.0 -3.0 -3.0 -3.0 -4.658197618621035 -2.202916051458592 -0.006023111934166358 -2.3482801610805475 -3.0220026469050416 -3.4879763511568687 -4.493568032625763 -3.7194853672516395 -4.5454706895391634 -2.83789282896793 -4.7938220024800025 -5.451420197451294
XID:1	-3.0 -3.0 -0.0004345117740176917 -3.0 -3.0 -3.0 -3.0 -3.0 -3.0 -3.0 -3.0 -3.0 -2.230124407524999 -1.6113465082455605 -2.0361876262687284 -3.2520928041337345 -0.43206362874606297 -0.36274148876721424 -1.9998784145662336 -1.7854024985560644 -2.181211472219777 -2.5526124736499707 -1.0894673721918728 -1.4070253628533733
XID:2	-3.0 -3.0 -0.0004345117740176917 -3.0 -3.0 -3.0 -3.0 -3.0 -3.0 -3.0 -3.0 -0.0004345117740176917 -4.087141055630541 -3.9118958198213036 -2.3150075056472583 -0.042527762649819514 -4.317643696604947 -2.189107130619072 -3.827800028783701 -1.138032108444201 -3.4516929029084666 -2.125554133398501 -3.027325157683689 -4.834755673874689
XID:3	-3.0 -3.0 -0.0004345117740176917 -3.0 -3.0 -3.0 -3.0 -3.0 -0.0004345117740176917 -3.0 -3.0 -3.0 -1.3323238864309976 -3.2516452669333455 -4.297471241386847 -3.405522367182997 -1.477396684741735 -2.2424468336283128 -1.4103943978601392 -2.163427154175777 -0.20706158382691617 -3.0379201325642344 -1.724541217715902 -0.6436834350098659
XID:4	-3.0 -3.0 -0.0004345117740176917 -3.0 -3.0 -0.0004345117740176917 -3.0 -3.0 -3.0 -3.0 -3.0 -3.0 -1.4358892882545338 -2.537031803485396 -3.734601931945354 -5.170951731808915 -2.8473875849023664 -0.5517281918689378 -1.1311975048280634 -1.835216038394502 -2.98433433404296 -3.0565321955098863 -1.0132976688508477 -0.30920960925396074
XID:5	-3.0 -3.0 -0.0004345117740176917 -3.0 -3.0 -0.0004345117740176917 -3.0 -3.0 -3.0 -3.0 -3.0 -0.0004345117740176917 -4.087141055630541 -3.9118958198213036 -2.3150075056472583 -0.042527762649819514 -4.317643696604947 -2.189107130619072 -3.827800028783701 -1.138032108444201 -3.4516929029084666 -2.125554133398501 -3.027325157683689 -4.834755673874689
XID:6	-3.0 -3.0 -0.0004345117740176917 -3.0 -3.0 -0.0004345117740176917 -3.0 -3.0 -3.0 -3.0 -0.0004345117740176917 -3.0 -1.5798164305207794 -0.7894968840484683 -2.2761036893158324 -3.2902044537112856 -1.4312868139943773 -1.3313075758636437 -1.470323307292942 -2.1425529131993493 -2.4353315690269377 -2.0902915665580686 -0.1982382989925317 -1.4503016871920038
XID:7	-3.0 -3.0 -0.0004345117740176917 -3.0 -3.0 -0.0004345117740176917 -3.0 -3.0 -3.0 -0.0004345117740176917 -3.0 -3.0 -2.504382129996728 -1.5400303445899175 -2.7217106564700675 -2.6337507953196146 -0.7501512997459411 -1.4493742352911765 -1.5335446362284846 -2.2025413285426274 -2.183180909279483 -0.4588515201779935 -0.7326968293764994 -0.7552356539547274
XID:8	-3.0 -3.0 -0.0004345117740176917 -3.0 -3.0 -0.0004345117740176917 -3.0 -3.0 -3.0 -0.0004345117740176917 -3.0 -0.0004345117740176917 -4.087141055630541 -3.9118958198213036 -2.3150075056472583 -0.042527762649819514 -4.317643696604947 -2.189107130619072 -3.827800028783701 -1.138032108444201 -3.4516929029084666 -2.125554133398501 -3.027325157683689 -4.834755673874689
XID:9	-3.0 -3.0 -0.0004345117740176917 -3.0 -3.0 -0.0004345117740176917 -3.0 -3.0 -0.0004345117740176917 -3.0 -3.0 -3.0 -1.4358892882545338 -2.537031803485396 -3.734601931945354 -5.170951731808915 -2.8473875849023664 -0.5517281918689378 -1.1311975048280634 -1.835216038394502 -2.98433433404296 -3.0565321955098863 -1.0132976688508477 -0.30920960925396074
XID:10	-3.0 -3.0 -0.0004345117740176917 -3.0 -3.0 -0.0004345117740176917 -3.0 -0.0004345117740176917 -3.0 -3.0 -3.0 -0.0004345117740176917 -4.087141055630541 -3.9118958198213036 -2.3150075056472583 -0.042527762649819514 -4.317643696604947 -2.189107130619072 -3.827800028783701 -1.138032108444201 -3.4516929029084666 -2.125554133398501 -3.027325157683689 -4.834755673874689
XID:11	-3.0 -3.0 -0.0004345117740176917 -3.0 -3.0 -0.0004345117740176917 -3.0 -0.0004345117740176917 -3.0 -3.0 -3.0 -0.0004345117740176917 -1.6206926689150747 -4.059665837484535 -4.547707438382271 -3.897490831060132 -2.032814867364049 -1.1465646341574822 -1.7796408263014365 -0.13052185873014555 -2.6314769677522407 -3.4407698695688906 -1.7624638017573315 -0.927489089319767
XID:12	-3.0 -3.0 -0.0004345117740176917 -3.0 -3.0 -0.0004345117740176917 -3.0 -0.0004345117740176917 -3.0 -3.0 -3.0 -0.0004345117740176917 -1.4358892882545338 -2.537031803485396 -3.734601931945354 -5.170951731808915 -2.8473875849023664 -0.5517281918689378 -1.1311975048280634 -1.835216038394502 -2.98433433404296 -3.0565321955098863 -1.0132976688508477 -0.30920960925396074
XID:13	-3.0 -3.0 -0.0004345117740176917 -3.0 -3.0 -0.0004345117740176917 -3.0 -0.0004345117740176917 -3.0 -3.0 -0.0004345117740176917 -0.0004345117740176917 -1.5798164305207794 -0.7894968840484683 -2.2761036893158324 -3.2902044537112856 -1.4312868139943773 -1.3313075758636437 -1.470323307292942 -2.1425529131993493 -2.4353315690269377 -2.0902915665580686 -0.1982382989925317 -1.4503016871920038
XID:14	-3.0 -3.0 -0.0004345117740176917 -3.0 -3.0 -0.0004345117740176917 -3.0 -0.0004345117740176917 -3.0 -0.0004345117740176917 -3.0 -0.0004345117740176917 -2.504382129996728 -1.5400303445899175 -2.7217106564700675 -2.6337507953196146 -0.7501512997459411 -1.4493742352911765 -1.5335446362284846 -2.2025413285426274 -2.183180909279483 -0.4588515201779935 -0.7326968293764994 -0.7552356539547274
XID:15	-3.0 -3.0 -0.0004345117740176917 -3.0 -3.0 -0.0004345117740176917 -0.0004345117740176917 -3.0 -3.0 -3.0 -3.0 -3.0 -1.6424405608764678 -1.8409986001093166 -2.6395145108525444 -1.3862141856464907 -0.9514882798892905 -0.5016963398283156 -0.9728584140426789 -1.7690098252733397 -1.7660018516315064 -1.397216425743207 -0.5244769909221438 -1.8852956291462644
XID:16	-3.0 -3.0 -0.0004345117740176917 -3.0 -3.0 -0.0004345117740176917 -0.0004345117740176917 -3.0 -3.0 -3.0 -3.0 -3.0 -1.4358892882545338 -2.537031803485396 -3.734601931945354 -5.170951731808915 -2.8473875849023664 -0.5517281918689378 -1.1311975048280634 -1.835216038394502 -2.98433433404296 -3.0565321955098863 -1.0132976688508477 -0.30920960925396074
XID:17	-3.0 -3.0 -0.0004345117740176917 -3.0 -3.0 -0.0004345117740176917 -0.0004345117740176917 -3.0 -3.0 -3.0 -0.0004345117740176917 -3.0 -1.6424405608764678 -1.8409986001093166 -2.6395145108525444 -1.3862141856464907 -0.9514882798892905 -0.5016963398283156 -0.9728584140426789 -1.7690098252733397 -1.7660018516315064 -1.397216425743207 -0.5244769909221438 -1.8852956291462644
XID:18	-3.0 -3.0 -0.0004345117740176917 -3.0 -3.0 -0.0004345117740176917 -0.0004345117740176917 -3.0 -3.0 -3.0 -0.0004345117740176917 -3.0 -1.5798164305207794 -0.7894968840484683 -2.2761036893158324 -3.2902044537112856 -1.4312868139943773 -1.3313075758636437 -1.470323307292942 -2.1425529131993493 -2.4353315690269377 -2.0902915665580686 -0.1982382989925317 -1.4503016871920038
XID:19	-3.0 -3.0 -0.0004345117740176917 -3.0 -0.0004345117740176917 -3.0 -3.0 -3.0 -3.0 -3.0 -3.0 -3.0 -3.27265967097435 -4.34997238094257 -5.265021050882722 -5.422634600547346 -0.012062162547435935 -3.26944542536065 -2.1882467555058405 -4.023292918220662 -3.469628667691173 -3.3975569128079557 -3.0038641200873477 -1.7457202678112713
XID:20	-3.0 -3.0 -0.0004345117740176917 -3.0 -0.0004345117740176917 -3.0 -3.0 -3.0 -3.0 -3.0 -3.0 -0.0004345117740176917 -4.087141055630541 -3.9118958198213036 -2.3150075056472583 -0.042527762649819514 -4.317643696604947 -2.189107130619072 -3.827800028783701 -1.138032108444201 -3.4516929029084666 -2.125554133398501 -3.027325157683689 -4.834755673874689
XID:21	-3.0 -3.0 -0.0004345117740176917 -3.0 -0.0004345117740176917 -3.0 -3.0 -3.0 -3.0 -3.0 -0.0004345117740176917 -3.0 -3.27265967097435 -4.34997238094257 -5.265021050882722 -5.422634600547346 -0.012062162547435935 -3.26944542536065 -2.1882467555058405 -4.023292918220662 -3.469628667691173 -3.3975569128079557 -3.0038641200873477 -1.7457202678112713
XID:22	-3.0 -3.0 -0.0004345117740176917 -3.0 -0.0004345117740176917 -3.0 -3.0 -3.0 -3.0 -3.0 -0.0004345117740176917 -3.0 -1.5798164305207794 -0.7894968840484683 -2.2761036893158324 -3.2902044537112856 -1.4312868139943773 -1.3313075758636437 -1.470323307292942 -2.1425529131993493 -2.4353315690269377 -2.0902915665580686 -0.1982382989925317 -1.4503016871920038
XID:23	-3.0 -3.0 -0.0004345117740176917 -3.0 -0.0004345117740176917 -3.0 -3.0 -3.0 -3.0 -3.0 -0.0004345117740176917 -0.0004345117740176917 -4.087141055630541 -3.9118958198213036 -2.3150075056472583 -0.042527762649819514 -4.317643696604947 -2.189107130619072 -3.827800028783701 -1.138032108444201 -3.4516929029084666 -2.125554133398501 -3.027325157683689 -4.834755673874689
XID:24	-3.0 -3.0 -0.0004345117740176917 -3.0 -0.0004345117740176917 -3.0 -3.0 -3.0 -3.0 -0.0004345117740176917 -3.0 -0.0004345117740176917 -2.504382129996728 -1.5400303445899175 -2.7217106564700675 -2.6337507953196146 -0.7501512997459411 -1.4493742352911765 -1.5335446362284846 -2.2025413285426274 -2.183180909279483 -0.4588515201779935 -0.7326968293764994 -0.7552356539547274
XID:25	-3.0 -3.0 -0.0004345117740176917 -3.0 -0.0004345117740176917 -3.0 -3.0 -3.0 -3.0 -0.0004345117740176917 -0.0004345117740176917 -3.0 -2.504382129996728 -1.5400303445899175 -2.7217106564700675 -2.6337507953196146 -0.7501512997459411 -1.4493742352911765 -1.5335446362284846 -2.2025413285426274 -2.183180909279483 -0.4588515201779935 -0.7326968293764994 -0.7552356539547274
XID:26	-3.0 -3.0 -0.0004345117740176917 -3.0 -0.0004345117740176917 -3.0 -3.0 -3.0 -0.0004345117740176917 -3.0 -0.0004345117740176917 -3.0 -1.3323238864309976 -3.2516452669333455 -4.297471241386847 -3.405522367182997 -1.477396684741735 -2.2424468336283128 -1.4103943978601392 -2.163427154175777 -0.20706158382691617 -3.0379201325642344 -1.724541217715902 -0.6436834350098659
XID:27	-3.0 -3.0 -0.0004345117740176917 -3.0 -0.0004345117740176917 -3.0 -3.0 -0.0004345117740176917 -3.0 -3.0 -3.0 -0.0004345117740176917 -1.6206926689150747 -4.059665837484535 -4.547707438382271 -3.897490831060132 -2.032814867364049 -1.1465646341574822 -1.7796408263014365 -0.13052185873014555 -2.6314769677522407 -3.4407698695688906 -1.7624638017573315 -0.927489089319767
XID:28	-3.0 -3.0 -0.0004345117740176917 -3.0 -0.0004345117740176917 -3.0 -3.0 -0.0004345117740176917 -3.0 -3.0 -0.0004345117740176917 -3.0 -1.6206926689150747 -4.059665837484535 -4.547707438382271 -3.897490831060132 -2.032814867364049 -1.1465646341574822 -1.7796408263014365 -0.13052185873014555 -2.6314769677522407 -3.4407698695688906 -1.7624638017573315 -0.927489089319767
XID:29	-3.0 -3.0 -0.0004345117740176917 -3.0 -0.0004345117740176917 -3.0 -3.0 -0.0004345117740176917 -3.0 -3.0 -0.0004345117740176917 -0.0004345117740176917 -1.6206926689150747 -4.059665837484535 -4.547707438382271 -3.897490831060132 -2.032814867364049 -1.1465646341574822 -1.7796408263014365 -0.13052185873014555 -2.6314769677522407 -3.4407698695688906 -1.7624638017573315 -0.927489089319767
XID:30	-3.0 -3.0 -0.0004345117740176917 -3.0 -0.0004345117740176917 -3.0 -3.0 -0.0004345117740176917 -0.0004345117740176917 -3.0 -0.0004345117740176917 -3.0 -1.6206926689150747 -4.059665837484535 -4.547707438382271 -3.897490831060132 -2.032814867364049 -1.1465646341574822 -1.7796408263014365 -0.13052185873014555 -2.6314769677522407 -3.4407698695688906 -1.7624638017573315 -0.927489089319767
XID:31	-3.0 -3.0 -0.0004345117740176917 -3.0 -0.0004345117740176917 -3.0 -3.0 -0.0004345117740176917 -0.0004345117740176917 -3.0 -0.0004345117740176917 -0.0004345117740176917 -1.5798164305207794 -0.7894968840484683 -2.2761036893158324 -3.2902044537112856 -1.4312868139943773 -1.3313075758636437 -1.470323307292942 -2.1425529131993493 -2.4353315690269377 -2.0902915665580686 -0.1982382989925317 -1.4503016871920038
XID:32	-3.0 -3.0 -0.0004345117740176917 -3.0 -0.0004345117740176917 -3.0 -3.0 -0.0004345117740176917 -0.0004345117740176917 -3.0 -0.0004345117740176917 -0.0004345117740176917 -1.3323238864309976 -3.2516452669333455 -4.297471241386847 -3.405522367182997 -1.477396684741735 -2.2424468336283128 -1.4103943978601392 -2.163427154175777 -0.20706158382691617 -3.0379201325642344 -1.724541217715902 -0.6436834350098659
XID:33	-3.0 -3.0 -0.0004345117740176917 -3.0 -0.0004345117740176917 -3.0 -0.0004345117740176917 -3.0 -3.0 -3.0 -3.0 -3.0 -1.6424405608764678 -1.8409986001093166 -2.6395145108525444 -1.3862141856464907 -0.9514882798892905 -0.5016963398283156 -0.9728584140426789 -1.7690098252733397 -1.7660018516315064 -1.397216425743207 -0.5244769909221438 -1.8852956291462644
XID:34	-3.0 -3.0 -0.0004345117740176917 -3.0 -0.0004345117740176917 -3.0 -0.0004345117740176917 -3.0 -3.0 -3.0 -0.0004345117740176917 -3.0 -1.6424405608764678 -1.8409986001093166 -2.6395145108525444 -1.3862141856464907 -0.9514882798892905 -0.5016963398283156 -0.9728584140426789 -1.7690098252733397 -1.7660018516315064 -1.397216425743207 -0.5244769909221438 -1.8852956291462644
XID:35	-3.0 -3.0 -0.0004345117740176917 -3.0 -0.0004345117740176917 -3.0 -0.0004345117740176917 -3.0 -3.0 -3.0 -0.0004345117740176917 -3.0 -1.5798164305207794 -0.7894968840484683 -2.2761036893158324 -3.2902044537112856 -1.4312868139943773 -1.3313075758636437 -1.470323307292942 -2.1425529131993493 -2.4353315690269377 -2.0902915665580686 -0.1982382989925317 -1.4503016871920038
XID:36	-3.0 -3.0 -0.0004345117740176917 -3.0 -0.0004345117740176917 -3.0 -0.0004345117740176917 -3.0 -3.0 -0.0004345117740176917 -0.0004345117740176917 -3.0 -1.6424405608764678 -1.8409986001093166 -2.6395145108525444 -1.3862141856464907 -0.9514882798892905 -0.5016963398283156 -0.9728584140426789 -1.7690098252733397 -1.7660018516315064 -1.397216425743207 -0.5244769909221438 -1.8852956291462644
XID:37	-3.0 -3.0 -0.0004345117740176917 -3.0 -0.0004345117740176917 -3.0 -0.0004345117740176917 -0.0004345117740176917 -3.0 -3.0 -3.0 -3.0 -1.6206926689150747 -4.059665837484535 -4.547707438382271 -3.897490831060132 -2.032814867364049 -1.1465646341574822 -1.7796408263014365 -0.13052185873014555 -2.6314769677522407 -3.4407698695688906 -1.7624638017573315 -0.927489089319767
XID:38	-3.0 -3.0 -0.0004345117740176917 -3.0 -0.0004345117740176917 -3.0 -0.0004345117740176917 -0.0004345117740176917 -3.0 -3.0 -3.0 -0.0004345117740176917 -4.087141055630541 -3.9118958198213036 -2.3150075056472583 -0.042527762649819514 -4.317643696604947 -2.189107130619072 -3.827800028783701 -1.138032108444201 -3.4516929029084666 -2.125554133398501 -3.027325157683689 -4.834755673874689
XID:39	-3.0 -3.0 -0.0004345117740176917 -3.0 -0.0004345117740176917 -3.0 -0.0004345117740176917 -0.0004345117740176917 -3.0 -3.0 -3.0 -0.0004345117740176917 -1.6424405608764678 -1.8409986001093166 -2.6395145108525444 -1.3862141856464907 -0.9514882798892905 -0.5016963398283156 -0.9728584140426789 -1.7690098252733397 -1.7660018516315064 -1.397216425743207 -0.5244769909221438 -1.8852956291462644
XID:40	-3.0 -3.0 -0.0004345117740176917 -3.0 -0.0004345117740176917 -3.0 -0.0004345117740176917 -0.0004345117740176917 -3.0 -0.0004345117740176917 -3.0 -3.0 -2.504382129996728 -1.5400303445899175 -2.7217106564700675 -2.6337507953196146 -0.7501512997459411 -1.4493742352911765 -1.5335446362284846 -2.2025413285426274 -2.183180909279483 -0.4588515201779935 -0.7326968293764994 -0.7552356539547274
XID:41	-3.0 -3.0 -0.0004345117740176917 -3.0 -0.0004345117740176917 -3.0 -0.0004345117740176917 -0.0004345117740176917 -3.0 -0.0004345117740176917 -0.0004345117740176917 -3.0 -1.5798164305207794 -0.7894968840484683 -2.2761036893158324 -3.2902044537112856 -1.4312868139943773 -1.3313075758636437 -1.470323307292942 -2.1425529131993493 -2.4353315690269377 -2.0902915665580686 -0.1982382989925317 -1.4503016871920038
XID:42	-3.0 -3.0 -0.0004345117740176917 -3.0 -0.0004345117740176917 -0.0004345117740176917 -3.0 -3.0 -3.0 -3.0 -3.0 -3.0 -1.4358892882545338 -2.537031803485396 -3.734601931945354 -5.170951731808915 -2.8473875849023664 -0.5517281918689378 -1.1311975048280634 -1.835216038394502 -2.98433433404296 -3.0565321955098863 -1.0132976688508477 -0.30920960925396074
XID:43	-3.0 -3.0 -0.0004345117740176917 -3.0 -0.0004345117740176917 -0.0004345117740176917 -3.0 -3.0 -3.0 -3.0 -3.0 -0.0004345117740176917 -4.087141055630541 -3.9118958198213036 -2.3150075056472583 -0.042527762649819514 -4.317643696604947 -2.189107130619072 -3.827800028783701 -1.138032108444201 -3.4516929029084666 -2.125554133398501 -3.027325157683689 -4.834755673874689
XID:44	-3.0 -3.0 -0.0004345117740176917 -3.0 -0.0004345117740176917 -0.0004345117740176917 -3.0 -3.0 -3.0 -3.0 -3.0 -0.0004345117740176917 -1.4358892882545338 -2.537031803485396 -3.734601931945354 -5.170951731808915 -2.8473875849023664 -0.5517281918689378 -1.1311975048280634 -1.835216038394502 -2.98433433404296 -3.0565321955098863 -1.0132976688508477 -0.30920960925396074
XID:45	-3.0 -3.0 -0.0004345117740176917 -3.0 -0.0004345117740176917 -0.0004345117740176917 -3.0 -3.0 -3.0 -3.0 -0.0004345117740176917 -3.0 -1.5798164305207794 -0.7894968840484683 -2.2761036893158324 -3.2902044537112856 -1.4312868139943773 -1.3313075758636437 -1.470323307292942 -2.1425529131993493 -2.4353315690269377 -2.0902915665580686 -0.1982382989925317 -1.4503016871920038
XID:46	-3.0 -3.0 -0.0004345117740176917 -3.0 -0.0004345117740176917 -0.0004345117740176917 -3.0 -3.0 -3.0 -3.0 -0.0004345117740176917 -0.0004345117740176917 -4.087141055630541 -3.9118958198213036 -2.3150075056472583 -0.042527762649819514 -4.317643696604947 -2.189107130619072 -3.827800028783701 -1.138032108444201 -3.4516929029084666 -2.125554133398501 -3.027325157683689 -4.834755673874689
XID:47	-3.0 -3.0 -0.0004345117740176917 -3.0 -0.0004345117740176917 -0.0004345117740176917 -3.0 -3.0 -3.0 -0.0004345117740176917 -3.0 -0.0004345117740176917 -1.4358892882545338 -2.537031803485396 -3.734601931945354 -5.170951731808915 -2.8473875849023664 -0.5517281918689378 -1.1311975048280634 -1.835216038394502 -2.98433433404296 -3.0565321955098863 -1.0132976688508477 -0.30920960925396074
XID:48	-3.0 -3.0 -0.0004345117740176917 -3.0 -0.0004345117740176917 -0.0004345117740176917 -3.0 -3.0 -0.0004345117740176917 -3.0 -3.0 -3.0 -1.3323238864309976 -3.2516452669333455 -4.297471241386847 -3.405522367182997 -1.477396684741735 -2.2424468336283128 -1.4103943978601392 -2.163427154175777 -0.20706158382691617 -3.0379201325642344 -1.724541217715902 -0.6436834350098659
XID:49	-3.0 -3.0 -0.0004345117740176917 -3.0 -0.0004345117740176917 -0.0004345117740176917 -3.0 -3.0 -0.0004345117740176917 -3.0 -3.0 -0.0004345117740176917 -4.087141055630541 -3.9118958198213036 -2.3150075056472583 -0.042527762649819514 -4.317643696604947 -2.189107130619072 -3.827800028783701 -1.138032108444201 -3.4516929029084666 -2.125554133398501 -3.027325157683689 -4.834755673874689
XID:50	-3.0 -3.0 -0.0004345117740176917 -3.0 -0.0004345117740176917 -0.0004345117740176917 -3.0 -3.0 -0.0004345117740176917 -3.0 -3.0 -0.0004345117740176917 -3.27265967097435 -4.34997238094257 -5.265021050882722 -5.422634600547346 -0.012062162547435935 -3.26944542536065 -2.1882467555058405 -4.023292918220662 -3.469628667691173 -3.3975569128079557 -3.0038641200873477 -1.7457202678112713
XID:51	-3.0 -3.0 -0.0004345117740176917 -3.0 -0.0004345117740176917 -0.0004345117740176917 -3.0 -0.0004345117740176917 -3.0 -3.0 -3.0 -3.0 -1.6206926689150747 -4.059665837484535 -4.547707438382271 -3.897490831060132 -2.032814867364049 -1.1465646341574822 -1.7796408263014365 -0.13052185873014555 -2.6314769677522407 -3.4407698695688906 -1.7624638017573315 -0.927489089319767
XID:52	-3.0 -3.0 -0.0004345117740176917 -3.0 -0.0004345117740176917 -0.0004345117740176917 -3.0 -0.0004345117740176917 -3.0 -3.0 -3.0 -3.0 -1.4358892882545338 -2.537031803485396 -3.734601931945354 -5.170951731808915 -2.8473875849023664 -0.5517281918689378 -1.1311975048280634 -1.835216038394502 -2.98433433404296 -3.0565321955098863 -1.0132976688508477 -0.30920960925396074
XID:53	-3.0 -3.0 -0.0004345117740176917 -3.0 -0.0004345117740176917 -0.0004345117740176917 -3.0 -0.0004345117740176917 -3.0 -3.0 -3.0 -0.0004345117740176917 -4.087141055630541 -3.9118958198213036 -2.3150075056472583 -0.042527762649819514 -4.317643696604947 -2.189107130619072 -3.827800028783701 -1.138032108444201 -3.4516929029084666 -2.125554133398501 -3.027325157683689 -4.834755673874689
XID:54	-3.0 -3.0 -0.0004345117740176917 -3.0 -0.0004345117740176917 -0.0004345117740176917 -3.0 -0.0004345117740176917 -3.0 -3.0 -3.0 -0.0004345117740176917 -3.27265967097435 -4.34997238094257 -5.265021050882722 -5.422634600547346 -0.012062162547435935 -3.26944542536065 -2.1882467555058405 -4.023292918220662 -3.469628667691173 -3.3975569128079557 -3.0038641200873477 -1.7457202678112713
XID:55	-3.0 -3.0 -0.0004345117740176917 -3.0 -0.0004345117740176917 -0.0004345117740176917 -3.0 -0.0004345117740176917 -3.0 -3.0 -3.0 -0.0004345117740176917 -1.6206926689150747 -4.059665837484535 -4.547707438382271 -3.897490831060132 -2.032814867364049 -1.1465646341574822 -1.7796408263014365 -0.13052185873014555 -2.6314769677522407 -3.4407698695688906 -1.7624638017573315 -0.927489089319767
XID:56	-3.0 -3.0 -0.0004345117740176917 -3.0 -0.0004345117740176917 -0.0004345117740176917 -3.0 -0.0004345117740176917 -3.0 -3.0 -3.0 -0.0004345117740176917 -1.4358892882545338 -2.537031803485396 -3.734601931945354 -5.170951731808915 -2.8473875849023664 -0.5517281918689378 -1.1311975048280634 -1.835216038394502 -2.98433433404296 -3.0565321955098863 -1.0132976688508477 -0.30920960925396074
XID:57	-3.0 -3.0 -0.0004345117740176917 -3.0 -0.0004345117740176917 -0.0004345117740176917 -3.0 -0.0004345117740176917 -3.0 -0.0004345117740176917 -3.0 -0.0004345117740176917 -2.504382129996728 -1.5400303445899175 -2.7217106564700675 -2.6337507953196146 -0.7501512997459411 -1.4493742352911765 -1.5335446362284846 -2.2025413285426274 -2.183180909279483 -0.4588515201779935 -0.7326968293764994 -0.7552356539547274
XID:58	-3.0 -3.0 -0.0004345117740176917 -3.0 -0.0004345117740176917 -0.0004345117740176917 -3.0 -0.0004345117740176917 -0.0004345117740176917 -3.0 -3.0 -0.0004345117740176917 -1.3323238864309976 -3.2516452669333455 -4.297471241386847 -3.405522367182997 -1.477396684741735 -2.2424468336283128 -1.4103943978601392 -2.163427154175777 -0.20706158382691617 -3.0379201325642344 -1.724541217715902 -0.6436834350098659
XID:59	-3.0 -3.0 -0.0004345117740176917 -3.0 -0.0004345117740176917 -0.0004345117740176917 -3.0 -0.0004345117740176917 -0.0004345117740176917 -0.0004345117740176917 -3.0 -0.0004345117740176917 -1.3323238864309976 -3.2516452669333455 -4.297471241386847 -3.405522367182997 -1.477396684741735 -2.2424468336283128 -1.4103943978601392 -2.163427154175777 -0.20706158382691617 -3.0379201325642344 -1.724541217715902 -0.6436834350098659
XID:60	-3.0 -3.0 -0.0004345117740176917 -3.0 -0.0004345117740176917 -0.0004345117740176917 -0.0004345117740176917 -3.0 -3.0 -3.0 -3.0 -3.0 -1.6424405608764678 -1.8409986001093166 -2.6395145108525444 -1.3862141856464907 -0.9514882798892905 -0.5016963398283156 -0.9728584140426789 -1.7690098252733397 -1.7660018516315064 -1.397216425743207 -0.5244769909221438 -1.8852956291462644
XID:61	-3.0 -3.0 -0.0004345117740176917 -3.0 -0.0004345117740176917 -0.0004345117740176917 -0.0004345117740176917 -3.0 -3.0 -3.0 -3.0 -0.0004345117740176917 -4.087141055630541 -3.9118958198213036 -2.3150075056472583 -0.042527762649819514 -4.317643696604947 -2.189107130619072 -3.827800028783701 -1.138032108444201 -3.4516929029084666 -2.125554133398501 -3.027325157683689 -4.834755673874689
XID:62	-3.0 -3.0 -0.0004345117740176917 -3.0 -0.0004345117740176917 -0.0004345117740176917 -0.0004345117740176917 -3.0 -3.0 -3.0 -0.0004345117740176917 -3.0 -1.6424405608764678 -1.8409986001093166 -2.6395145108525444 -1.3862141856464907 -0.9514882798892905 -0.5016963398283156 -0.9728584140426789 -1.7690098252733397 -1.7660018516315064 -1.397216425743207 -0.5244769909221438 -1.8852956291462644
XID:63	-3.0 -3.0 -0.0004345117740176917 -3.0 -0.0004345117740176917 -0.0004345117740176917 -0.0004345117740176917 -3.0 -3.0 -3.0 -0.0004345117740176917 -3.0 -1.4358892882545338 -2.537031803485396 -3.734601931945354 -5.170951731808915 -2.8473875849023664 -0.5517281918689378 -1.1311975048280634 -1.835216038394502 -2.98433433404296 -3.0565321955098863 -1.0132976688508477 -0.30920960925396074
XID:64	-3.0 -3.0 -0.0004345117740176917 -3.0 -0.0004345117740176917 -0.0004345117740176917 -0.0004345117740176917 -3.0 -3.0 -0.0004345117740176917 -3.0 -0.0004345117740176917 -3.27265967097435 -4.34997238094257 -5.265021050882722 -5.422634600547346 -0.012062162547435935 -3.26944542536065 -2.1882467555058405 -4.023292918220662 -3.469628667691173 -3.3975569128079557 -3.0038641200873477 -1.7457202678112713
XID:65	-3.0 -3.0 -0.0004345117740176917 -3.0 -0.0004345117740176917 -0.0004345117740176917 -0.0004345117740176917 -3.0 -3.0 -0.0004345117740176917 -3.0 -0.0004345117740176917 -2.504382129996728 -1.5400303445899175 -2.7217106564700675 -2.6337507953196146 -0.7501512997459411 -1.4493742352911765 -1.5335446362284846 -2.2025413285426274 -2.183180909279483 -0.4588515201779935 -0.7326968293764994 -0.7552356539547274
XID:66	-3.0 -3.0 -0.0004345117740176917 -3.0 -0.0004345117740176917 -0.0004345117740176917 -0.0004345117740176917 -3.0 -3.0 -0.0004345117740176917 -0.0004345117740176917 -3.0 -2.504382129996728 -1.5400303445899175 -2.7217106564700675 -2.6337507953196146 -0.7501512997459411 -1.4493742352911765 -1.5335446362284846 -2.2025413285426274 -2.183180909279483 -0.4588515201779935 -0.7326968293764994 -0.7552356539547274
XID:67	-3.0 -3.0 -0.0004345117740176917 -3.0 -0.0004345117740176917 -0.0004345117740176917 -0.0004345117740176917 -0.0004345117740176917 -3.0 -0.0004345117740176917 -0.0004345117740176917 -3.0 -1.6206926689150747 -4.059665837484535 -4.547707438382271 -3.897490831060132 -2.032814867364049 -1.1465646341574822 -1.7796408263014365 -0.13052185873014555 -2.6314769677522407 -3.4407698695688906 -1.7624638017573315 -0.927489089319767
XID:68	-3.0 -3.0 -0.0004345117740176917 -0.0004345117740176917 -3.0 -0.0004345117740176917 -3.0 -3.0 -3.0 -0.0004345117740176917 -3.0 -0.0004345117740176917 -4.087141055630541 -3.9118958198213036 -2.3150075056472583 -0.042527762649819514 -4.317643696604947 -2.189107130619072 -3.827800028783701 -1.138032108444201 -3.4516929029084666 -2.125554133398501 -3.027325157683689 -4.834755673874689
XID:69	-3.0 -3.0 -0.0004345117740176917 -0.0004345117740176917 -3.0 -0.0004345117740176917 -3.0 -3.0 -3.0 -0.0004345117740176917 -3.0 -0.0004345117740176917 -1.8042165438230569 -1.7288440513956833 -2.3741845939367527 -2.5995069101716077 -2.540799066281663 -2.569064307230027 -1.048494431069921 -1.0448916953787277 -1.8199946195436463 -1.7154271566689598 -0.9158528668455517 -0.20905931398825184
XID:70	-3.0 -3.0 -0.0004345117740176917 -0.0004345117740176917 -0.0004345117740176917 -3.0 -3.0 -3.0 -3.0 -3.0 -3.0 -0.0004345117740176917 -4.087141055630541 -3.9118958198213036 -2.3150075056472583 -0.042527762649819514 -4.317643696604947 -2.189107130619072 -3.827800028783701 -1.138032108444201 -3.4516929029084666 -2.125554133398501 -3.027325157683689 -4.834755673874689
XID:71	-3.0 -3.0 -0.0004345117740176917 -0.0004345117740176917 -0.0004345117740176917 -3.0 -3.0 -3.0 -3.0 -3.0 -3.0 -0.0004345117740176917 -3.27265967097435 -4.34997238094257 -5.265021050882722 -5.422634600547346 -0.012062162547435935 -3.26944542536065 -2.1882467555058405 -4.023292918220662 -3.469628667691173 -3.3975569128079557 -3.0038641200873477 -1.7457202678112713
XID:72	-3.0 -3.0 -0.0004345117740176917 -0.0004345117740176917 -0.0004345117740176917 -3.0 -3.0 -3.0 -3.0 -3.0 -3.0 -0.0004345117740176917 -1.8042165438230569 -1.7288440513956833 -2.3741845939367527 -2.5995069101716077 -2.540799066281663 -2.569064307230027 -1.048494431069921 -1.0448916953787277 -1.8199946195436463 -1.7154271566689598 -0.9158528668455517 -0.20905931398825184
XID:73	-3.0 -3.0 -0.0004345117740176917 -0.0004345117740176917 -0.0004345117740176917 -3.0 -3.0 -3.0 -0.0004345117740176917 -3.0 -3.0 -0.0004345117740176917 -4.087141055630541 -3.9118958198213036 -2.3150075056472583 -0.042527762649819514 -4.317643696604947 -2.189107130619072 -3.827800028783701 -1.138032108444201 -3.4516929029084666 -2.125554133398501 -3.027325157683689 -4.834755673874689
XID:74	-3.0 -3.0 -0.0004345117740176917 -0.0004345117740176917 -0.0004345117740176917 -3.0 -3.0 -3.0 -0.0004345117740176917 -3.0 -3.0 -0.0004345117740176917 -3.27265967097435 -4.34997238094257 -5.265021050882722 -5.422634600547346 -0.012062162547435935 -3.26944542536065 -2.1882467555058405 -4.023292918220662 -3.469628667691173 -3.3975569128079557 -3.0038641200873477 -1.7457202678112713
XID:75	-3.0 -3.0 -0.0004345117740176917 -0.0004345117740176917 -0.0004345117740176917 -3.0 -3.0 -3.0 -0.0004345117740176917 -3.0 -3.0 -0.0004345117740176917 -1.3323238864309976 -3.2516452669333455 -4.297471241386847 -3.405522367182997 -1.477396684741735 -2.2424468336283128 -1.4103943978601392 -2.163427154175777 -0.20706158382691617 -3.0379201325642344 -1.724541217715902 -0.6436834350098659
XID:76	-3.0 -3.0 -0.0004345117740176917 -0.0004345117740176917 -0.0004345117740176917 -3.0 -3.0 -0.0004345117740176917 -3.0 -3.0 -3.0 -0.0004345117740176917 -1.6206926689150747 -4.059665837484535 -4.547707438382271 -3.897490831060132 -2.032814867364049 -1.1465646341574822 -1.7796408263014365 -0.13052185873014555 -2.6314769677522407 -3.4407698695688906 -1.7624638017573315 -0.927489089319767
XID:77	-3.0 -3.0 -0.0004345117740176917 -0.0004345117740176917 -0.0004345117740176917 -3.0 -0.0004345117740176917 -3.0 -3.0 -3.0 -3.0 -0.0004345117740176917 -3.27265967097435 -4.34997238094257 -5.265021050882722 -5.422634600547346 -0.012062162547435935 -3.26944542536065 -2.1882467555058405 -4.023292918220662 -3.469628667691173 -3.3975569128079557 -3.0038641200873477 -1.7457202678112713
XID:78	-3.0 -3.0 -0.0004345117740176917 -0.0004345117740176917 -0.0004345117740176917 -3.0 -0.0004345117740176917 -3.0 -3.0 -3.0 -3.0 -0.0004345117740176917 -1.6424405608764678 -1.8409986001093166 -2.6395145108525444 -1.3862141856464907 -0.9514882798892905 -0.5016963398283156 -0.9728584140426789 -1.7690098252733397 -1.7660018516315064 -1.397216425743207 -0.5244769909221438 -1.8852956291462644
XID:79	-3.0 -3.0 -0.0004345117740176917 -0.0004345117740176917 -0.0004345117740176917 -3.0 -0.0004345117740176917 -3.0 -0.0004345117740176917 -3.0 -3.0 -0.0004345117740176917 -4.087141055630541 -3.9118958198213036 -2.3150075056472583 -0.042527762649819514 -4.317643696604947 -2.189107130619072 -3.827800028783701 -1.138032108444201 -3.4516929029084666 -2.125554133398501 -3.027325157683689 -4.834755673874689
XID:80	-3.0 -3.0 -0.0004345117740176917 -0.0004345117740176917 -0.0004345117740176917 -3.0 -0.0004345117740176917 -3.0 -0.0004345117740176917 -3.0 -3.0 -0.0004345117740176917 -3.27265967097435 -4.34997238094257 -5.265021050882722 -5.422634600547346 -0.012062162547435935 -3.26944542536065 -2.1882467555058405 -4.023292918220662 -3.469628667691173 -3.3975569128079557 -3.0038641200873477 -1.7457202678112713
XID:81	-3.0 -3.0 -0.0004345117740176917 -0.0004345117740176917 -0.0004345117740176917 -3.0 -0.0004345117740176917 -3.0 -0.0004345117740176917 -3.0 -3.0 -0.0004345117740176917 -1.6424405608764678 -1.8409986001093166 -2.6395145108525444 -1.3862141856464907 -0.9514882798892905 -0.5016963398283156 -0.9728584140426789 -1.7690098252733397 -1.7660018516315064 -1.397216425743207 -0.5244769909221438 -1.8852956291462644
XID:82	-3.0 -3.0 -0.0004345117740176917 -0.0004345117740176917 -0.0004345117740176917 -3.0 -0.0004345117740176917 -3.0 -0.0004345117740176917 -3.0 -3.0 -0.0004345117740176917 -1.3323238864309976 -3.2516452669333455 -4.297471241386847 -3.405522367182997 -1.477396684741735 -2.2424468336283128 -1.4103943978601392 -2.163427154175777 -0.20706158382691617 -3.0379201325642344 -1.724541217715902 -0.6436834350098659
XID:83	-3.0 -3.0 -0.0004345117740176917 -0.0004345117740176917 -0.0004345117740176917 -3.0 -0.0004345117740176917 -0.0004345117740176917 -0.0004345117740176917 -3.0 -3.0 -0.0004345117740176917 -1.6206926689150747 -4.059665837484535 -4.547707438382271 -3.897490831060132 -2.032814867364049 -1.1465646341574822 -1.7796408263014365 -0.13052185873014555 -2.6314769677522407 -3.4407698695688906 -1.7624638017573315 -0.927489089319767
XID:84	-3.0 -3.0 -0.0004345117740176917 -0.0004345117740176917 -0.0004345117740176917 -0.0004345117740176917 -3.0 -3.0 -3.0 -3.0 -3.0 -0.0004345117740176917 -1.4358892882545338 -2.537031803485396 -3.734601931945354 -5.170951731808915 -2.8473875849023664 -0.5517281918689378 -1.1311975048280634 -1.835216038394502 -2.98433433404296 -3.0565321955098863 -1.0132976688508477 -0.30920960925396074
XID:85	-3.0 -3.0 -0.0004345117740176917 -0.0004345117740176917 -0.0004345117740176917 -0.0004345117740176917 -3.0 -3.0 -3.0 -3.0 -0.0004345117740176917 -0.0004345117740176917 -1.8042165438230569 -1.7288440513956833 -2.3741845939367527 -2.5995069101716077 -2.540799066281663 -2.569064307230027 -1.048494431069921 -1.0448916953787277 -1.8199946195436463 -1.7154271566689598 -0.9158528668455517 -0.20905931398825184
XID:86	-3.0 -3.0 -0.0004345117740176917 -0.0004345117740176917 -0.0004345117740176917 -0.0004345117740176917 -3.0 -3.0 -3.0 -3.0 -0.0004345117740176917 -0.0004345117740176917 -1.5798164305207794 -0.7894968840484683 -2.2761036893158324 -3.2902044537112856 -1.4312868139943773 -1.3313075758636437 -1.470323307292942 -2.1425529131993493 -2.4353315690269377 -2.0902915665580686 -0.1982382989925317 -1.4503016871920038
XID:87	-3.0 -3.0 -0.0004345117740176917 -0.0004345117740176917 -0.0004345117740176917 -0.0004345117740176917 -3.0 -0.0004345117740176917 -3.0 -3.0 -3.0 -0.0004345117740176917 -1.8042165438230569 -1.7288440513956833 -2.3741845939367527 -2.5995069101716077 -2.540799066281663 -2.569064307230027 -1.048494431069921 -1.0448916953787277 -1.8199946195436463 -1.7154271566689598 -0.9158528668455517 -0.20905931398825184
XID:88	-3.0 -3.0 -0.0004345117740176917 -0.0004345117740176917 -0.0004345117740176917 -0.0004345117740176917 -3.0 -0.0004345117740176917 -3.0 -0.0004345117740176917 -3.0 -0.0004345117740176917 -2.504382129996728 -1.5400303445899175 -2.7217106564700675 -2.6337507953196146 -0.7501512997459411 -1.4493742352911765 -1.5335446362284846 -2.2025413285426274 -2.183180909279483 -0.4588515201779935 -0.7326968293764994 -0.7552356539547274
XID:89	-3.0 -3.0 -0.0004345117740176917 -0.0004345117740176917 -0.0004345117740176917 -0.0004345117740176917 -0.0004345117740176917 -0.0004345117740176917 -3.0 -0.0004345117740176917 -3.0 -0.0004345117740176917 -1.6424405608764678 -1.8409986001093166 -2.6395145108525444 -1.3862141856464907 -0.9514882798892905 -0.5016963398283156 -0.9728584140426789 -1.7690098252733397 -1.7660018516315064 -1.397216425743207 -0.5244769909221438 -1.8852956291462644

TraceID:0	(0,LinkedList)	(1,remove:FALSE)	(3,<END>)
TraceID:1	(0,LinkedList)	(1,toArray)	(2,<END>)
TraceID:2	(0,LinkedList)	(1,remove:FALSE)	(3,addLast)	(9,<END>)
TraceID:3	(0,LinkedList)	(1,addLast)	(4,listIterator)	(15,addLast)	(16,<END>)
TraceID:4	(0,LinkedList)	(1,addLast)	(4,listIterator)	(15,listIterator)	(15,<END>)
TraceID:5	(0,LinkedList)	(1,add:TRUE)	(19,size)	(22,size)	(22,<END>)
TraceID:6	(0,LinkedList)	(1,addLast)	(4,toArray)	(5,remove)	(11,size)	(13,<END>)
TraceID:7	(0,LinkedList)	(1,add:TRUE)	(19,size)	(22,remove:FALSE)	(26,remove)	(30,<END>)
TraceID:8	(0,LinkedList)	(1,add:TRUE)	(19,add:TRUE)	(19,size)	(22,remove)	(28,<END>)
TraceID:9	(0,LinkedList)	(1,add:TRUE)	(19,toArray)	(20,remove)	(27,listIterator)	(39,toArray)	(38,<END>)
TraceID:10	(0,LinkedList)	(1,add:TRUE)	(19,size)	(22,add:TRUE)	(21,remove:TRUE)	(25,listIterator)	(36,<END>)
TraceID:11	(0,LinkedList)	(1,addLast)	(4,addLast)	(4,size)	(6,listIterator)	(17,size)	(18,<END>)
TraceID:12	(0,LinkedList)	(1,add:TRUE)	(19,add:TRUE)	(19,toArray)	(20,remove:TRUE)	(24,addLast)	(47,<END>)
TraceID:13	(0,LinkedList)	(1,add:TRUE)	(19,add:TRUE)	(19,toArray)	(20,add)	(72,add:TRUE)	(71,<END>)
TraceID:14	(0,LinkedList)	(1,addLast)	(4,toArray)	(5,remove)	(11,add:TRUE)	(54,remove)	(55,<END>)
TraceID:15	(0,LinkedList)	(1,addLast)	(4,remove:TRUE)	(7,toArray)	(8,add)	(69,toArray)	(68,add)	(69,<END>)
TraceID:16	(0,LinkedList)	(1,add:TRUE)	(19,add:TRUE)	(19,toArray)	(20,add)	(72,remove)	(76,remove)	(76,<END>)
TraceID:17	(0,LinkedList)	(1,add:TRUE)	(19,toArray)	(20,add)	(72,listIterator)	(78,remove:FALSE)	(82,remove:FALSE)	(82,<END>)
TraceID:18	(0,LinkedList)	(1,add:TRUE)	(19,toArray)	(20,add)	(72,toArray)	(70,add)	(72,addLast)	(84,<END>)
TraceID:19	(0,LinkedList)	(1,addLast)	(4,toArray)	(5,remove)	(11,addLast)	(12,toArray)	(10,remove:TRUE)	(14,<END>)
TraceID:20	(0,LinkedList)	(1,add:TRUE)	(19,add:TRUE)	(19,addLast)	(42,remove:FALSE)	(48,toArray)	(49,add:TRUE)	(50,<END>)
TraceID:21	(0,LinkedList)	(1,add:TRUE)	(19,add:TRUE)	(19,addLast)	(42,toArray)	(43,addLast)	(44,addLast)	(44,<END>)
TraceID:22	(0,LinkedList)	(1,add:TRUE)	(19,toArray)	(20,add)	(72,remove:FALSE)	(75,toArray)	(73,add:TRUE)	(74,<END>)
TraceID:23	(0,LinkedList)	(1,add:TRUE)	(19,add:TRUE)	(19,addLast)	(42,size)	(45,toArray)	(46,add)	(85,size)	(86,<END>)
TraceID:24	(0,LinkedList)	(1,add:TRUE)	(19,size)	(22,add:TRUE)	(21,toArray)	(23,remove)	(29,remove:FALSE)	(32,size)	(31,<END>)
TraceID:25	(0,LinkedList)	(1,add:TRUE)	(19,add:TRUE)	(19,addLast)	(42,listIterator)	(60,toArray)	(61,remove:TRUE)	(65,add:TRUE)	(64,<END>)
TraceID:26	(0,LinkedList)	(1,add:TRUE)	(19,add:TRUE)	(19,add:TRUE)	(19,listIterator)	(33,remove)	(37,remove:TRUE)	(40,size)	(41,<END>)
TraceID:27	(0,LinkedList)	(1,add:TRUE)	(19,addLast)	(42,toArray)	(43,remove)	(55,remove)	(55,toArray)	(53,remove:FALSE)	(58,<END>)
TraceID:28	(0,LinkedList)	(1,add:TRUE)	(19,toArray)	(20,remove)	(27,addLast)	(56,add:TRUE)	(54,toArray)	(53,remove:TRUE)	(57,remove:FALSE)	(59,<END>)
TraceID:29	(0,LinkedList)	(1,add:TRUE)	(19,addLast)	(42,remove)	(51,addLast)	(52,toArray)	(53,add)	(87,remove:TRUE)	(88,listIterator)	(89,<END>)
TraceID:30	(0,LinkedList)	(1,add:TRUE)	(19,size)	(22,add:TRUE)	(21,listIterator)	(34,size)	(35,addLast)	(63,listIterator)	(62,remove:TRUE)	(66,remove)	(67,<END>)
TraceID:31	(0,LinkedList)	(1,add:TRUE)	(19,toArray)	(20,add)	(72,listIterator)	(78,add:TRUE)	(77,remove:FALSE)	(82,listIterator)	(81,toArray)	(79,add:TRUE)	(80,remove)	(83,<END>)
