<END>	<START>	HashSet	add:FALSE	add:TRUE	contains:FALSE	contains:TRUE	isEmpty:FALSE	isEmpty:TRUE	iterator	remove:FALSE	remove:TRUE	size
XID:0	-3.0 -3.0 -3.0 -3.0 -3.0 -3.0 -3.0 -3.0 -3.0 -3.0 -3.0 -3.0 -3.0 -9.458795309316741 -7.236981784322368 0.0 -9.913447983150016 -9.853592864712947 -9.561443412283971 -8.575632964223972 -9.56396463739213 -10.61408107545248 -9.893363813655311 -8.419134302157236 -10.470859785533634 -10.104027474988257
XID:1	-3.0 -3.0 -0.0004345117740176917 -3.0 -3.0 -3.0 -3.0 -3.0 -3.0 -3.0 -3.0 -3.0 -3.0 -3.051151002419355 -11.324983716220677 -14.001642128023049 -2.104816215784335 -0.24109037743974507 -1.8065247669166644 -5.109434240493895 -2.218704287473557 -3.200671169761984 -0.41481911396118476 -2.757398947261749 -5.231142957072662 -2.0727210229555597
XID:2	-3.0 -3.0 -0.0004345117740176917 -3.0 -3.0 -3.0 -3.0 -3.0 -3.0 -3.0 -3.0 -3.0 -0.0004345117740176917 -4.944751670583876 -5.310498459898398 -15.233206568368203 -6.234336659785796 -4.536888249395955 -5.077948558479082 -6.572410036182155 -5.210642132427682 -4.411845988899362 -3.899340021694848 -4.897600600135017 -6.612879021066355 -0.00010337438873323567
XID:3	-3.0 -3.0 -0.0004345117740176917 -3.0 -3.0 -3.0 -3.0 -3.0 -3.0 -3.0 -0.0004345117740176917 -3.0 -3.0 -5.2172673070232305 -9.638657535234534 -19.010835949545108 -5.341313347267104 -4.404187541773689 -7.283062258779202 -9.238098460484492 -4.553815568578388 -5.089542088787736 -4.064778999342294 -7.991753730910902e-05 -7.990094650184535 -4.948515610379528
XID:4	-3.0 -3.0 -0.0004345117740176917 -3.0 -3.0 -3.0 -3.0 -3.0 -3.0 -3.0 -0.0004345117740176917 -3.0 -0.0004345117740176917 -5.2172673070232305 -9.638657535234534 -19.010835949545108 -5.341313347267104 -4.404187541773689 -7.283062258779202 -9.238098460484492 -4.553815568578388 -5.089542088787736 -4.064778999342294 -7.991753730910902e-05 -7.990094650184535 -4.948515610379528
XID:5	-3.0 -3.0 -0.0004345117740176917 -3.0 -3.0 -3.0 -3.0 -3.0 -3.0 -0.0004345117740176917 -3.0 -3.0 -3.0 -5.688903374000431 -10.981828131353085 -10.193171782670074 -4.833744586418718 -3.430321839664417 -4.671775383746652 -8.140476234738017 -4.246896691610137 -5.793835510231801 -0.0002141599743506492 -5.1342069150985346 -7.628909961554958 -4.751752012738619
XID:6	-3.0 -3.0 -0.0004345117740176917 -3.0 -3.0 -3.0 -3.0 -3.0 -0.0004345117740176917 -3.0 -3.0 -3.0 -3.0 -6.560340523842375 -7.354376351173557 -13.077943361747668 -5.9375759697586314 -4.83493085188242 -3.573877663221941 -7.559566384391558 -5.852462795915885 -0.00021155293000751522 -3.7238968091329165 -5.786378662177711 -5.280316613123731 -5.1731085844206435
XID:7	-3.0 -3.0 -0.0004345117740176917 -3.0 -3.0 -3.0 -3.0 -3.0 -0.0004345117740176917 -3.0 -3.0 -3.0 -0.0004345117740176917 -6.560340523842375 -7.354376351173557 -13.077943361747668 -5.9375759697586314 -4.83493085188242 -3.573877663221941 -7.559566384391558 -5.852462795915885 -0.00021155293000751522 -3.7238968091329165 -5.786378662177711 -5.280316613123731 -5.1731085844206435
XID:8	-3.0 -3.0 -0.0004345117740176917 -3.0 -3.0 -3.0 -3.0 -3.0 -0.0004345117740176917 -3.0 -3.0 -3.0 -0.0004345117740176917 -4.944751670583876 -5.310498459898398 -15.233206568368203 -6.234336659785796 -4.536888249395955 -5.077948558479082 -6.572410036182155 -5.210642132427682 -4.411845988899362 -3.899340021694848 -4.897600600135017 -6.612879021066355 -0.00010337438873323567
XID:9	-3.0 -3.0 -0.0004345117740176917 -3.0 -3.0 -3.0 -3.0 -3.0 -0.0004345117740176917 -3.0 -0.0004345117740176917 -3.0 -3.0 -6.560340523842375 -7.354376351173557 -13.077943361747668 -5.9375759697586314 -4.83493085188242 -3.573877663221941 -7.559566384391558 -5.852462795915885 -0.00021155293000751522 -3.7238968091329165 -5.786378662177711 -5.280316613123731 -5.1731085844206435
XID:10	-3.0 -3.0 -0.0004345117740176917 -3.0 -3.0 -3.0 -3.0 -3.0 -0.0004345117740176917 -3.0 -0.0004345117740176917 -3.0 -3.0 -5.2172673070232305 -9.638657535234534 -19.010835949545108 -5.341313347267104 -4.404187541773689 -7.283062258779202 -9.238098460484492 -4.553815568578388 -5.089542088787736 -4.064778999342294 -7.991753730910902e-05 -7.990094650184535 -4.948515610379528
XID:11	-3.0 -3.0 -0.0004345117740176917 -3.0 -3.0 -3.0 -3.0 -3.0 -0.0004345117740176917 -0.0004345117740176917 -3.0 -3.0 -3.0 -6.560340523842375 -7.354376351173557 -13.077943361747668 -5.9375759697586314 -4.83493085188242 -3.573877663221941 -7.559566384391558 -5.852462795915885 -0.00021155293000751522 -3.7238968091329165 -5.786378662177711 -5.280316613123731 -5.1731085844206435
XID:12	-3.0 -3.0 -0.0004345117740176917 -3.0 -3.0 -3.0 -3.0 -3.0 -0.0004345117740176917 -0.0004345117740176917 -3.0 -3.0 -3.0 -5.688903374000431 -10.981828131353085 -10.193171782670074 -4.833744586418718 -3.430321839664417 -4.671775383746652 -8.140476234738017 -4.246896691610137 -5.793835510231801 -0.0002141599743506492 -5.1342069150985346 -7.628909961554958 -4.751752012738619
XID:13	-3.0 -3.0 -0.0004345117740176917 -3.0 -3.0 -0.0004345117740176917 -3.0 -3.0 -3.0 -3.0 -3.0 -3.0 -3.0 -4.576911483889209 -12.002791913916532 -14.491759907236116 -4.321411520380626 -3.700446942625843 -0.0002710843438217735 -6.935523291586772 -5.193781348386156 -5.259805533490392 -3.501351792905967 -6.173111172360511 -8.478650053203935 -4.647298568840967
XID:14	-3.0 -3.0 -0.0004345117740176917 -3.0 -3.0 -0.0004345117740176917 -3.0 -3.0 -3.0 -3.0 -3.0 -3.0 -0.0004345117740176917 -4.944751670583876 -5.310498459898398 -15.233206568368203 -6.234336659785796 -4.536888249395955 -5.077948558479082 -6.572410036182155 -5.210642132427682 -4.411845988899362 -3.899340021694848 -4.897600600135017 -6.612879021066355 -0.00010337438873323567
XID:15	-3.0 -3.0 -0.0004345117740176917 -3.0 -3.0 -0.0004345117740176917 -3.0 -3.0 -3.0 -3.0 -3.0 -3.0 -0.0004345117740176917 -4.576911483889209 -12.002791913916532 -14.491759907236116 -4.321411520380626 -3.700446942625843 -0.0002710843438217735 -6.935523291586772 -5.193781348386156 -5.259805533490392 -3.501351792905967 -6.173111172360511 -8.478650053203935 -4.647298568840967
XID:16	-3.0 -3.0 -0.0004345117740176917 -3.0 -3.0 -0.0004345117740176917 -3.0 -3.0 -3.0 -3.0 -0.0004345117740176917 -3.0 -3.0 -5.2172673070232305 -9.638657535234534 -19.010835949545108 -5.341313347267104 -4.404187541773689 -7.283062258779202 -9.238098460484492 -4.553815568578388 -5.089542088787736 -4.064778999342294 -7.991753730910902e-05 -7.990094650184535 -4.948515610379528
XID:17	-3.0 -3.0 -0.0004345117740176917 -3.0 -3.0 -0.0004345117740176917 -3.0 -3.0 -3.0 -3.0 -0.0004345117740176917 -3.0 -3.0 -4.576911483889209 -12.002791913916532 -14.491759907236116 -4.321411520380626 -3.700446942625843 -0.0002710843438217735 -6.935523291586772 -5.193781348386156 -5.259805533490392 -3.501351792905967 -6.173111172360511 -8.478650053203935 -4.647298568840967
XID:18	-3.0 -3.0 -0.0004345117740176917 -3.0 -3.0 -0.0004345117740176917 -3.0 -3.0 -3.0 -0.0004345117740176917 -3.0 -3.0 -3.0 -4.576911483889209 -12.002791913916532 -14.491759907236116 -4.321411520380626 -3.700446942625843 -0.0002710843438217735 -6.935523291586772 -5.193781348386156 -5.259805533490392 -3.501351792905967 -6.173111172360511 -8.478650053203935 -4.647298568840967
XID:19	-3.0 -3.0 -0.0004345117740176917 -3.0 -3.0 -0.0004345117740176917 -3.0 -3.0 -0.0004345117740176917 -3.0 -3.0 -3.0 -3.0 -6.560340523842375 -7.354376351173557 -13.077943361747668 -5.9375759697586314 -4.83493085188242 -3.573877663221941 -7.559566384391558 -5.852462795915885 -0.00021155293000751522 -3.7238968091329165 -5.786378662177711 -5.280316613123731 -5.1731085844206435
XID:20	-3.0 -3.0 -0.0004345117740176917 -3.0 -3.0 -0.0004345117740176917 -3.0 -3.0 -0.0004345117740176917 -3.0 -3.0 -3.0 -3.0 -4.576911483889209 -12.002791913916532 -14.491759907236116 -4.321411520380626 -3.700446942625843 -0.0002710843438217735 -6.935523291586772 -5.193781348386156 -5.259805533490392 -3.501351792905967 -6.173111172360511 -8.478650053203935 -4.647298568840967
XID:21	-3.0 -3.0 -0.0004345117740176917 -3.0 -0.0004345117740176917 -3.0 -3.0 -3.0 -3.0 -3.0 -3.0 -3.0 -3.0 -4.966986605335753 -9.810919750513666 -12.113384080698815 -3.9940134438407693 -0.00015072633775268558 -4.964614293902839 -7.137032454785925 -4.50442930032985 -7.397334590051159 -4.165353623569373 -3.951845749511297 -8.798900701666334 -4.89638440006929
XID:22	-3.0 -3.0 -0.0004345117740176917 -3.0 -0.0004345117740176917 -3.0 -3.0 -3.0 -3.0 -3.0 -3.0 -3.0 -0.0004345117740176917 -4.944751670583876 -5.310498459898398 -15.233206568368203 -6.234336659785796 -4.536888249395955 -5.077948558479082 -6.572410036182155 -5.210642132427682 -4.411845988899362 -3.899340021694848 -4.897600600135017 -6.612879021066355 -0.00010337438873323567
XID:23	-3.0 -3.0 -0.0004345117740176917 -3.0 -0.0004345117740176917 -3.0 -3.0 -3.0 -3.0 -3.0 -3.0 -0.0004345117740176917 -3.0 -2.977687126084473 -5.329674348006655 -17.338511027043435 -3.175089629034325 -3.6664136929144657 -5.27010416936549 -5.076212158268941 -5.241121399744257 -1.239352134010278 -4.008298676292174 -1.318724382338797 -0.04993126790683806 -3.038093147586493
XID:24	-3.0 -3.0 -0.0004345117740176917 -3.0 -0.0004345117740176917 -3.0 -3.0 -3.0 -3.0 -3.0 -0.0004345117740176917 -3.0 -3.0 -5.2172673070232305 -9.638657535234534 -19.010835949545108 -5.341313347267104 -4.404187541773689 -7.283062258779202 -9.238098460484492 -4.553815568578388 -5.089542088787736 -4.064778999342294 -7.991753730910902e-05 -7.990094650184535 -4.948515610379528
XID:25	-3.0 -3.0 -0.0004345117740176917 -3.0 -0.0004345117740176917 -3.0 -3.0 -3.0 -3.0 -3.0 -0.0004345117740176917 -3.0 -3.0 -4.966986605335753 -9.810919750513666 -12.113384080698815 -3.9940134438407693 -0.00015072633775268558 -4.964614293902839 -7.137032454785925 -4.50442930032985 -7.397334590051159 -4.165353623569373 -3.951845749511297 -8.798900701666334 -4.89638440006929
XID:26	-3.0 -3.0 -0.0004345117740176917 -3.0 -0.0004345117740176917 -3.0 -3.0 -3.0 -3.0 -3.0 -0.0004345117740176917 -0.0004345117740176917 -3.0 -5.2172673070232305 -9.638657535234534 -19.010835949545108 -5.341313347267104 -4.404187541773689 -7.283062258779202 -9.238098460484492 -4.553815568578388 -5.089542088787736 -4.064778999342294 -7.991753730910902e-05 -7.990094650184535 -4.948515610379528
XID:27	-3.0 -3.0 -0.0004345117740176917 -3.0 -0.0004345117740176917 -3.0 -3.0 -3.0 -3.0 -3.0 -0.0004345117740176917 -0.0004345117740176917 -0.0004345117740176917 -4.944751670583876 -5.310498459898398 -15.233206568368203 -6.234336659785796 -4.536888249395955 -5.077948558479082 -6.572410036182155 -5.210642132427682 -4.411845988899362 -3.899340021694848 -4.897600600135017 -6.612879021066355 -0.00010337438873323567
XID:28	-3.0 -3.0 -0.0004345117740176917 -3.0 -0.0004345117740176917 -3.0 -3.0 -3.0 -3.0 -0.0004345117740176917 -3.0 -3.0 -3.0 -5.688903374000431 -10.981828131353085 -10.193171782670074 -4.833744586418718 -3.430321839664417 -4.671775383746652 -8.140476234738017 -4.246896691610137 -5.793835510231801 -0.0002141599743506492 -5.1342069150985346 -7.628909961554958 -4.751752012738619
XID:29	-3.0 -3.0 -0.0004345117740176917 -3.0 -0.0004345117740176917 -3.0 -3.0 -3.0 -3.0 -0.0004345117740176917 -3.0 -3.0 -3.0 -4.966986605335753 -9.810919750513666 -12.113384080698815 -3.9940134438407693 -0.00015072633775268558 -4.964614293902839 -7.137032454785925 -4.50442930032985 -7.397334590051159 -4.165353623569373 -3.951845749511297 -8.798900701666334 -4.89638440006929
XID:30	-3.0 -3.0 -0.0004345117740176917 -3.0 -0.0004345117740176917 -3.0 -3.0 -3.0 -3.0 -0.0004345117740176917 -0.0004345117740176917 -3.0 -3.0 -5.688903374000431 -10.981828131353085 -10.193171782670074 -4.833744586418718 -3.430321839664417 -4.671775383746652 -8.140476234738017 -4.246896691610137 -5.793835510231801 -0.0002141599743506492 -5.1342069150985346 -7.628909961554958 -4.751752012738619
XID:31	-3.0 -3.0 -0.0004345117740176917 -3.0 -0.0004345117740176917 -3.0 -3.0 -3.0 -3.0 -0.0004345117740176917 -0.0004345117740176917 -3.0 -0.0004345117740176917 -4.944751670583876 -5.310498459898398 -15.233206568368203 -6.234336659785796 -4.536888249395955 -5.077948558479082 -6.572410036182155 -5.210642132427682 -4.411845988899362 -3.899340021694848 -4.897600600135017 -6.612879021066355 -0.00010337438873323567
XID:32	-3.0 -3.0 -0.0004345117740176917 -3.0 -0.0004345117740176917 -3.0 -3.0 -3.0 -3.0 -0.0004345117740176917 -0.0004345117740176917 -0.0004345117740176917 -3.0 -5.688903374000431 -10.981828131353085 -10.193171782670074 -4.833744586418718 -3.430321839664417 -4.671775383746652 -8.140476234738017 -4.246896691610137 -5.793835510231801 -0.0002141599743506492 -5.1342069150985346 -7.628909961554958 -4.751752012738619
XID:33	-3.0 -3.0 -0.0004345117740176917 -3.0 -0.0004345117740176917 -3.0 -3.0 -3.0 -3.0 -0.0004345117740176917 -0.0004345117740176917 -0.0004345117740176917 -3.0 -2.977687126084473 -5.329674348006655 -17.338511027043435 -3.175089629034325 -3.6664136929144657 -5.27010416936549 -5.076212158268941 -5.241121399744257 -1.239352134010278 -4.008298676292174 -1.318724382338797 -0.04993126790683806 -3.038093147586493
XID:34	-3.0 -3.0 -0.0004345117740176917 -3.0 -0.0004345117740176917 -3.0 -3.0 -3.0 -3.0 -0.0004345117740176917 -0.0004345117740176917 -0.0004345117740176917 -0.0004345117740176917 -2.977687126084473 -5.329674348006655 -17.338511027043435 -3.175089629034325 -3.6664136929144657 -5.27010416936549 -5.076212158268941 -5.241121399744257 -1.239352134010278 -4.008298676292174 -1.318724382338797 -0.04993126790683806 -3.038093147586493
XID:35	-3.0 -3.0 -0.0004345117740176917 -3.0 -0.0004345117740176917 -3.0 -3.0 -3.0 -0.0004345117740176917 -3.0 -3.0 -3.0 -3.0 -4.966986605335753 -9.810919750513666 -12.113384080698815 -3.9940134438407693 -0.00015072633775268558 -4.964614293902839 -7.137032454785925 -4.50442930032985 -7.397334590051159 -4.165353623569373 -3.951845749511297 -8.798900701666334 -4.89638440006929
XID:36	-3.0 -3.0 -0.0004345117740176917 -3.0 -0.0004345117740176917 -3.0 -3.0 -3.0 -0.0004345117740176917 -3.0 -3.0 -3.0 -0.0004345117740176917 -4.966986605335753 -9.810919750513666 -12.113384080698815 -3.9940134438407693 -0.00015072633775268558 -4.964614293902839 -7.137032454785925 -4.50442930032985 -7.397334590051159 -4.165353623569373 -3.951845749511297 -8.798900701666334 -4.89638440006929
XID:37	-3.0 -3.0 -0.0004345117740176917 -3.0 -0.0004345117740176917 -3.0 -3.0 -3.0 -0.0004345117740176917 -3.0 -3.0 -0.0004345117740176917 -0.0004345117740176917 -4.966986605335753 -9.810919750513666 -12.113384080698815 -3.9940134438407693 -0.00015072633775268558 -4.964614293902839 -7.137032454785925 -4.50442930032985 -7.397334590051159 -4.165353623569373 -3.951845749511297 -8.798900701666334 -4.89638440006929
XID:38	-3.0 -3.0 -0.0004345117740176917 -3.0 -0.0004345117740176917 -3.0 -3.0 -3.0 -0.0004345117740176917 -3.0 -3.0 -0.0004345117740176917 -0.0004345117740176917 -2.977687126084473 -5.329674348006655 -17.338511027043435 -3.175089629034325 -3.6664136929144657 -5.27010416936549 -5.076212158268941 -5.241121399744257 -1.239352134010278 -4.008298676292174 -1.318724382338797 -0.04993126790683806 -3.038093147586493
XID:39	-3.0 -3.0 -0.0004345117740176917 -3.0 -0.0004345117740176917 -3.0 -3.0 -3.0 -0.0004345117740176917 -0.0004345117740176917 -0.0004345117740176917 -0.0004345117740176917 -0.0004345117740176917 -6.560340523842375 -7.354376351173557 -13.077943361747668 -5.9375759697586314 -4.83493085188242 -3.573877663221941 -7.559566384391558 -5.852462795915885 -0.00021155293000751522 -3.7238968091329165 -5.786378662177711 -5.280316613123731 -5.1731085844206435
XID:40	-3.0 -3.0 -0.0004345117740176917 -3.0 -0.0004345117740176917 -3.0 -3.0 -0.0004345117740176917 -3.0 -3.0 -3.0 -3.0 -3.0 -4.966986605335753 -9.810919750513666 -12.113384080698815 -3.9940134438407693 -0.00015072633775268558 -4.964614293902839 -7.137032454785925 -4.50442930032985 -7.397334590051159 -4.165353623569373 -3.951845749511297 -8.798900701666334 -4.89638440006929
XID:41	-3.0 -3.0 -0.0004345117740176917 -3.0 -0.0004345117740176917 -3.0 -3.0 -0.0004345117740176917 -3.0 -3.0 -3.0 -3.0 -3.0 -4.957767175944494 -11.948095352104561 -15.22711891264905 -5.121539676454337 -3.911042188605343 -4.818759700195464 -7.561723530299798 -0.00019591099258864296 -5.54880018129947 -3.733251034091798 -4.536044333859277 -8.249503176203737 -4.111092984288599
XID:42	-3.0 -3.0 -0.0004345117740176917 -3.0 -0.0004345117740176917 -3.0 -3.0 -0.0004345117740176917 -3.0 -3.0 -3.0 -3.0 -0.0004345117740176917 -4.957767175944494 -11.948095352104561 -15.22711891264905 -5.121539676454337 -3.911042188605343 -4.818759700195464 -7.561723530299798 -0.00019591099258864296 -5.54880018129947 -3.733251034091798 -4.536044333859277 -8.249503176203737 -4.111092984288599
XID:43	-3.0 -3.0 -0.0004345117740176917 -3.0 -0.0004345117740176917 -3.0 -3.0 -0.0004345117740176917 -3.0 -3.0 -3.0 -3.0 -0.0004345117740176917 -4.944751670583876 -5.310498459898398 -15.233206568368203 -6.234336659785796 -4.536888249395955 -5.077948558479082 -6.572410036182155 -5.210642132427682 -4.411845988899362 -3.899340021694848 -4.897600600135017 -6.612879021066355 -0.00010337438873323567
XID:44	-3.0 -3.0 -0.0004345117740176917 -3.0 -0.0004345117740176917 -3.0 -3.0 -0.0004345117740176917 -3.0 -3.0 -0.0004345117740176917 -3.0 -3.0 -5.2172673070232305 -9.638657535234534 -19.010835949545108 -5.341313347267104 -4.404187541773689 -7.283062258779202 -9.238098460484492 -4.553815568578388 -5.089542088787736 -4.064778999342294 -7.991753730910902e-05 -7.990094650184535 -4.948515610379528
XID:45	-3.0 -3.0 -0.0004345117740176917 -3.0 -0.0004345117740176917 -3.0 -3.0 -0.0004345117740176917 -3.0 -3.0 -0.0004345117740176917 -3.0 -3.0 -4.957767175944494 -11.948095352104561 -15.22711891264905 -5.121539676454337 -3.911042188605343 -4.818759700195464 -7.561723530299798 -0.00019591099258864296 -5.54880018129947 -3.733251034091798 -4.536044333859277 -8.249503176203737 -4.111092984288599
XID:46	-3.0 -3.0 -0.0004345117740176917 -3.0 -0.0004345117740176917 -3.0 -3.0 -0.0004345117740176917 -3.0 -3.0 -0.0004345117740176917 -0.0004345117740176917 -3.0 -2.977687126084473 -5.329674348006655 -17.338511027043435 -3.175089629034325 -3.6664136929144657 -5.27010416936549 -5.076212158268941 -5.241121399744257 -1.239352134010278 -4.008298676292174 -1.318724382338797 -0.04993126790683806 -3.038093147586493
XID:47	-3.0 -3.0 -0.0004345117740176917 -3.0 -0.0004345117740176917 -3.0 -3.0 -0.0004345117740176917 -3.0 -0.0004345117740176917 -3.0 -3.0 -3.0 -5.688903374000431 -10.981828131353085 -10.193171782670074 -4.833744586418718 -3.430321839664417 -4.671775383746652 -8.140476234738017 -4.246896691610137 -5.793835510231801 -0.0002141599743506492 -5.1342069150985346 -7.628909961554958 -4.751752012738619
XID:48	-3.0 -3.0 -0.0004345117740176917 -3.0 -0.0004345117740176917 -3.0 -3.0 -0.0004345117740176917 -3.0 -0.0004345117740176917 -0.0004345117740176917 -3.0 -3.0 -4.957767175944494 -11.948095352104561 -15.22711891264905 -5.121539676454337 -3.911042188605343 -4.818759700195464 -7.561723530299798 -0.00019591099258864296 -5.54880018129947 -3.733251034091798 -4.536044333859277 -8.249503176203737 -4.111092984288599
XID:49	-3.0 -3.0 -0.0004345117740176917 -3.0 -0.0004345117740176917 -3.0 -3.0 -0.0004345117740176917 -3.0 -0.0004345117740176917 -0.0004345117740176917 -0.0004345117740176917 -3.0 -4.957767175944494 -11.948095352104561 -15.22711891264905 -5.121539676454337 -3.911042188605343 -4.818759700195464 -7.561723530299798 -0.00019591099258864296 -5.54880018129947 -3.733251034091798 -4.536044333859277 -8.249503176203737 -4.111092984288599
XID:50	-3.0 -3.0 -0.0004345117740176917 -3.0 -0.0004345117740176917 -3.0 -3.0 -0.0004345117740176917 -3.0 -0.0004345117740176917 -0.0004345117740176917 -0.0004345117740176917 -3.0 -2.977687126084473 -5.329674348006655 -17.338511027043435 -3.175089629034325 -3.6664136929144657 -5.27010416936549 -5.076212158268941 -5.241121399744257 -1.239352134010278 -4.008298676292174 -1.318724382338797 -0.04993126790683806 -3.038093147586493
XID:51	-3.0 -3.0 -0.0004345117740176917 -3.0 -0.0004345117740176917 -3.0 -0.0004345117740176917 -3.0 -3.0 -3.0 -3.0 -3.0 -3.0 -5.716226280773476 -9.463492059723068 -17.23956922283775 -4.425656152760436 -3.1415337871077496 -2.263089024157932 -0.002977281915808842 -4.538920362660389 -5.136893746204258 -3.6386235181301276 -4.932795192023716 -6.676049052291608 -3.4737887032323593
XID:52	-3.0 -3.0 -0.0004345117740176917 -3.0 -0.0004345117740176917 -3.0 -0.0004345117740176917 -3.0 -3.0 -3.0 -3.0 -3.0 -3.0 -4.966986605335753 -9.810919750513666 -12.113384080698815 -3.9940134438407693 -0.00015072633775268558 -4.964614293902839 -7.137032454785925 -4.50442930032985 -7.397334590051159 -4.165353623569373 -3.951845749511297 -8.798900701666334 -4.89638440006929
XID:53	-3.0 -3.0 -0.0004345117740176917 -3.0 -0.0004345117740176917 -3.0 -0.0004345117740176917 -3.0 -3.0 -3.0 -3.0 -3.0 -0.0004345117740176917 -4.944751670583876 -5.310498459898398 -15.233206568368203 -6.234336659785796 -4.536888249395955 -5.077948558479082 -6.572410036182155 -5.210642132427682 -4.411845988899362 -3.899340021694848 -4.897600600135017 -6.612879021066355 -0.00010337438873323567
XID:54	-3.0 -3.0 -0.0004345117740176917 -3.0 -0.0004345117740176917 -3.0 -0.0004345117740176917 -3.0 -3.0 -3.0 -0.0004345117740176917 -3.0 -3.0 -5.2172673070232305 -9.638657535234534 -19.010835949545108 -5.341313347267104 -4.404187541773689 -7.283062258779202 -9.238098460484492 -4.553815568578388 -5.089542088787736 -4.064778999342294 -7.991753730910902e-05 -7.990094650184535 -4.948515610379528
XID:55	-3.0 -3.0 -0.0004345117740176917 -3.0 -0.0004345117740176917 -3.0 -0.0004345117740176917 -3.0 -3.0 -0.0004345117740176917 -3.0 -3.0 -3.0 -5.716226280773476 -9.463492059723068 -17.23956922283775 -4.425656152760436 -3.1415337871077496 -2.263089024157932 -0.002977281915808842 -4.538920362660389 -5.136893746204258 -3.6386235181301276 -4.932795192023716 -6.676049052291608 -3.4737887032323593
XID:56	-3.0 -3.0 -0.0004345117740176917 -3.0 -0.0004345117740176917 -3.0 -0.0004345117740176917 -3.0 -3.0 -0.0004345117740176917 -0.0004345117740176917 -3.0 -0.0004345117740176917 -5.716226280773476 -9.463492059723068 -17.23956922283775 -4.425656152760436 -3.1415337871077496 -2.263089024157932 -0.002977281915808842 -4.538920362660389 -5.136893746204258 -3.6386235181301276 -4.932795192023716 -6.676049052291608 -3.4737887032323593
XID:57	-3.0 -3.0 -0.0004345117740176917 -3.0 -0.0004345117740176917 -3.0 -0.0004345117740176917 -0.0004345117740176917 -3.0 -3.0 -3.0 -3.0 -3.0 -4.957767175944494 -11.948095352104561 -15.22711891264905 -5.121539676454337 -3.911042188605343 -4.818759700195464 -7.561723530299798 -0.00019591099258864296 -5.54880018129947 -3.733251034091798 -4.536044333859277 -8.249503176203737 -4.111092984288599
XID:58	-3.0 -3.0 -0.0004345117740176917 -3.0 -0.0004345117740176917 -3.0 -0.0004345117740176917 -0.0004345117740176917 -3.0 -3.0 -0.0004345117740176917 -3.0 -3.0 -5.716226280773476 -9.463492059723068 -17.23956922283775 -4.425656152760436 -3.1415337871077496 -2.263089024157932 -0.002977281915808842 -4.538920362660389 -5.136893746204258 -3.6386235181301276 -4.932795192023716 -6.676049052291608 -3.4737887032323593
XID:59	-3.0 -3.0 -0.0004345117740176917 -3.0 -0.0004345117740176917 -0.0004345117740176917 -3.0 -3.0 -3.0 -3.0 -3.0 -3.0 -3.0 -4.576911483889209 -12.002791913916532 -14.491759907236116 -4.321411520380626 -3.700446942625843 -0.0002710843438217735 -6.935523291586772 -5.193781348386156 -5.259805533490392 -3.501351792905967 -6.173111172360511 -8.478650053203935 -4.647298568840967
XID:60	-3.0 -3.0 -0.0004345117740176917 -3.0 -0.0004345117740176917 -0.0004345117740176917 -3.0 -3.0 -3.0 -3.0 -3.0 -0.0004345117740176917 -3.0 -4.576911483889209 -12.002791913916532 -14.491759907236116 -4.321411520380626 -3.700446942625843 -0.0002710843438217735 -6.935523291586772 -5.193781348386156 -5.259805533490392 -3.501351792905967 -6.173111172360511 -8.478650053203935 -4.647298568840967
XID:61	-3.0 -3.0 -0.0004345117740176917 -3.0 -0.0004345117740176917 -0.0004345117740176917 -3.0 -3.0 -3.0 -3.0 -3.0 -0.0004345117740176917 -3.0 -2.977687126084473 -5.329674348006655 -17.338511027043435 -3.175089629034325 -3.6664136929144657 -5.27010416936549 -5.076212158268941 -5.241121399744257 -1.239352134010278 -4.008298676292174 -1.318724382338797 -0.04993126790683806 -3.038093147586493
XID:62	-3.0 -3.0 -0.0004345117740176917 -3.0 -0.0004345117740176917 -0.0004345117740176917 -3.0 -3.0 -3.0 -3.0 -0.0004345117740176917 -3.0 -3.0 -4.966986605335753 -9.810919750513666 -12.113384080698815 -3.9940134438407693 -0.00015072633775268558 -4.964614293902839 -7.137032454785925 -4.50442930032985 -7.397334590051159 -4.165353623569373 -3.951845749511297 -8.798900701666334 -4.89638440006929
XID:63	-3.0 -3.0 -0.0004345117740176917 -3.0 -0.0004345117740176917 -0.0004345117740176917 -3.0 -3.0 -3.0 -3.0 -0.0004345117740176917 -3.0 -3.0 -4.576911483889209 -12.002791913916532 -14.491759907236116 -4.321411520380626 -3.700446942625843 -0.0002710843438217735 -6.935523291586772 -5.193781348386156 -5.259805533490392 -3.501351792905967 -6.173111172360511 -8.478650053203935 -4.647298568840967
XID:64	-3.0 -3.0 -0.0004345117740176917 -3.0 -0.0004345117740176917 -0.0004345117740176917 -3.0 -3.0 -3.0 -3.0 -0.0004345117740176917 -3.0 -0.0004345117740176917 -4.944751670583876 -5.310498459898398 -15.233206568368203 -6.234336659785796 -4.536888249395955 -5.077948558479082 -6.572410036182155 -5.210642132427682 -4.411845988899362 -3.899340021694848 -4.897600600135017 -6.612879021066355 -0.00010337438873323567
XID:65	-3.0 -3.0 -0.0004345117740176917 -3.0 -0.0004345117740176917 -0.0004345117740176917 -3.0 -3.0 -3.0 -0.0004345117740176917 -3.0 -0.0004345117740176917 -3.0 -5.688903374000431 -10.981828131353085 -10.193171782670074 -4.833744586418718 -3.430321839664417 -4.671775383746652 -8.140476234738017 -4.246896691610137 -5.793835510231801 -0.0002141599743506492 -5.1342069150985346 -7.628909961554958 -4.751752012738619
XID:66	-3.0 -3.0 -0.0004345117740176917 -3.0 -0.0004345117740176917 -0.0004345117740176917 -3.0 -3.0 -3.0 -0.0004345117740176917 -0.0004345117740176917 -3.0 -3.0 -5.688903374000431 -10.981828131353085 -10.193171782670074 -4.833744586418718 -3.430321839664417 -4.671775383746652 -8.140476234738017 -4.246896691610137 -5.793835510231801 -0.0002141599743506492 -5.1342069150985346 -7.628909961554958 -4.751752012738619
XID:67	-3.0 -3.0 -0.0004345117740176917 -3.0 -0.0004345117740176917 -0.0004345117740176917 -3.0 -3.0 -3.0 -0.0004345117740176917 -0.0004345117740176917 -3.0 -3.0 -5.2172673070232305 -9.638657535234534 -19.010835949545108 -5.341313347267104 -4.404187541773689 -7.283062258779202 -9.238098460484492 -4.553815568578388 -5.089542088787736 -4.064778999342294 -7.991753730910902e-05 -7.990094650184535 -4.948515610379528
XID:68	-3.0 -3.0 -0.0004345117740176917 -3.0 -0.0004345117740176917 -0.0004345117740176917 -3.0 -3.0 -3.0 -0.0004345117740176917 -0.0004345117740176917 -3.0 -0.0004345117740176917 -5.688903374000431 -10.981828131353085 -10.193171782670074 -4.833744586418718 -3.430321839664417 -4.671775383746652 -8.140476234738017 -4.246896691610137 -5.793835510231801 -0.0002141599743506492 -5.1342069150985346 -7.628909961554958 -4.751752012738619
XID:69	-3.0 -3.0 -0.0004345117740176917 -3.0 -0.0004345117740176917 -0.0004345117740176917 -3.0 -3.0 -3.0 -0.0004345117740176917 -0.0004345117740176917 -3.0 -0.0004345117740176917 -4.944751670583876 -5.310498459898398 -15.233206568368203 -6.234336659785796 -4.536888249395955 -5.077948558479082 -6.572410036182155 -5.210642132427682 -4.411845988899362 -3.899340021694848 -4.897600600135017 -6.612879021066355 -0.00010337438873323567
XID:70	-3.0 -3.0 -0.0004345117740176917 -3.0 -0.0004345117740176917 -0.0004345117740176917 -3.0 -0.0004345117740176917 -3.0 -3.0 -3.0 -3.0 -3.0 -4.957767175944494 -11.948095352104561 -15.22711891264905 -5.121539676454337 -3.911042188605343 -4.818759700195464 -7.561723530299798 -0.00019591099258864296 -5.54880018129947 -3.733251034091798 -4.536044333859277 -8.249503176203737 -4.111092984288599
XID:71	-3.0 -3.0 -0.0004345117740176917 -3.0 -0.0004345117740176917 -0.0004345117740176917 -3.0 -0.0004345117740176917 -3.0 -3.0 -3.0 -3.0 -3.0 -4.576911483889209 -12.002791913916532 -14.491759907236116 -4.321411520380626 -3.700446942625843 -0.0002710843438217735 -6.935523291586772 -5.193781348386156 -5.259805533490392 -3.501351792905967 -6.173111172360511 -8.478650053203935 -4.647298568840967
XID:72	-3.0 -3.0 -0.0004345117740176917 -3.0 -0.0004345117740176917 -0.0004345117740176917 -0.0004345117740176917 -3.0 -3.0 -0.0004345117740176917 -0.0004345117740176917 -3.0 -0.0004345117740176917 -5.716226280773476 -9.463492059723068 -17.23956922283775 -4.425656152760436 -3.1415337871077496 -2.263089024157932 -0.002977281915808842 -4.538920362660389 -5.136893746204258 -3.6386235181301276 -4.932795192023716 -6.676049052291608 -3.4737887032323593
XID:73	-3.0 -3.0 -0.0004345117740176917 -3.0 -0.0004345117740176917 -0.0004345117740176917 -0.0004345117740176917 -3.0 -3.0 -0.0004345117740176917 -0.0004345117740176917 -0.0004345117740176917 -0.0004345117740176917 -5.716226280773476 -9.463492059723068 -17.23956922283775 -4.425656152760436 -3.1415337871077496 -2.263089024157932 -0.002977281915808842 -4.538920362660389 -5.136893746204258 -3.6386235181301276 -4.932795192023716 -6.676049052291608 -3.4737887032323593
XID:74	-3.0 -3.0 -0.0004345117740176917 -3.0 -0.0004345117740176917 -0.0004345117740176917 -0.0004345117740176917 -3.0 -3.0 -0.0004345117740176917 -0.0004345117740176917 -0.0004345117740176917 -0.0004345117740176917 -5.688903374000431 -10.981828131353085 -10.193171782670074 -4.833744586418718 -3.430321839664417 -4.671775383746652 -8.140476234738017 -4.246896691610137 -5.793835510231801 -0.0002141599743506492 -5.1342069150985346 -7.628909961554958 -4.751752012738619
XID:75	-3.0 -3.0 -0.0004345117740176917 -3.0 -0.0004345117740176917 -0.0004345117740176917 -0.0004345117740176917 -3.0 -3.0 -0.0004345117740176917 -0.0004345117740176917 -0.0004345117740176917 -0.0004345117740176917 -4.944751670583876 -5.310498459898398 -15.233206568368203 -6.234336659785796 -4.536888249395955 -5.077948558479082 -6.572410036182155 -5.210642132427682 -4.411845988899362 -3.899340021694848 -4.897600600135017 -6.612879021066355 -0.00010337438873323567
XID:76	-3.0 -3.0 -0.0004345117740176917 -3.0 -0.0004345117740176917 -0.0004345117740176917 -0.0004345117740176917 -3.0 -3.0 -0.0004345117740176917 -0.0004345117740176917 -0.0004345117740176917 -0.0004345117740176917 -2.977687126084473 -5.329674348006655 -17.338511027043435 -3.175089629034325 -3.6664136929144657 -5.27010416936549 -5.076212158268941 -5.241121399744257 -1.239352134010278 -4.008298676292174 -1.318724382338797 -0.04993126790683806 -3.038093147586493
XID:77	-3.0 -3.0 -0.0004345117740176917 -3.0 -0.0004345117740176917 -0.0004345117740176917 -0.0004345117740176917 -0.0004345117740176917 -3.0 -3.0 -3.0 -3.0 -3.0 -5.716226280773476 -9.463492059723068 -17.23956922283775 -4.425656152760436 -3.1415337871077496 -2.263089024157932 -0.002977281915808842 -4.538920362660389 -5.136893746204258 -3.6386235181301276 -4.932795192023716 -6.676049052291608 -3.4737887032323593
XID:78	-3.0 -3.0 -0.0004345117740176917 -3.0 -0.0004345117740176917 -0.0004345117740176917 -0.0004345117740176917 -0.0004345117740176917 -3.0 -3.0 -0.0004345117740176917 -3.0 -3.0 -4.576911483889209 -12.002791913916532 -14.491759907236116 -4.321411520380626 -3.700446942625843 -0.0002710843438217735 -6.935523291586772 -5.193781348386156 -5.259805533490392 -3.501351792905967 -6.173111172360511 -8.478650053203935 -4.647298568840967
XID:79	-3.0 -3.0 -0.0004345117740176917 -0.0004345117740176917 -0.0004345117740176917 -3.0 -3.0 -3.0 -3.0 -3.0 -3.0 -3.0 -3.0 -5.6159173201147725 -9.869971953721956 -15.665868067672172 -9.164580465400973e-05 -3.832797901523939 -4.3600774430703195 -6.782379208784738 -5.418556688126906 -7.109128711025482 -4.990527857437186 -6.080818840321267 -5.694777648076305 -6.140915166866041
XID:80	-3.0 -3.0 -0.0004345117740176917 -0.0004345117740176917 -0.0004345117740176917 -3.0 -3.0 -3.0 -3.0 -3.0 -3.0 -3.0 -3.0 -4.966986605335753 -9.810919750513666 -12.113384080698815 -3.9940134438407693 -0.00015072633775268558 -4.964614293902839 -7.137032454785925 -4.50442930032985 -7.397334590051159 -4.165353623569373 -3.951845749511297 -8.798900701666334 -4.89638440006929
XID:81	-3.0 -3.0 -0.0004345117740176917 -0.0004345117740176917 -0.0004345117740176917 -3.0 -3.0 -3.0 -3.0 -3.0 -3.0 -0.0004345117740176917 -3.0 -5.6159173201147725 -9.869971953721956 -15.665868067672172 -9.164580465400973e-05 -3.832797901523939 -4.3600774430703195 -6.782379208784738 -5.418556688126906 -7.109128711025482 -4.990527857437186 -6.080818840321267 -5.694777648076305 -6.140915166866041
XID:82	-3.0 -3.0 -0.0004345117740176917 -0.0004345117740176917 -0.0004345117740176917 -3.0 -3.0 -3.0 -3.0 -3.0 -0.0004345117740176917 -3.0 -3.0 -5.6159173201147725 -9.869971953721956 -15.665868067672172 -9.164580465400973e-05 -3.832797901523939 -4.3600774430703195 -6.782379208784738 -5.418556688126906 -7.109128711025482 -4.990527857437186 -6.080818840321267 -5.694777648076305 -6.140915166866041
XID:83	-3.0 -3.0 -0.0004345117740176917 -0.0004345117740176917 -0.0004345117740176917 -3.0 -3.0 -3.0 -3.0 -3.0 -0.0004345117740176917 -3.0 -3.0 -5.2172673070232305 -9.638657535234534 -19.010835949545108 -5.341313347267104 -4.404187541773689 -7.283062258779202 -9.238098460484492 -4.553815568578388 -5.089542088787736 -4.064778999342294 -7.991753730910902e-05 -7.990094650184535 -4.948515610379528
XID:84	-3.0 -3.0 -0.0004345117740176917 -0.0004345117740176917 -0.0004345117740176917 -3.0 -3.0 -3.0 -3.0 -3.0 -0.0004345117740176917 -0.0004345117740176917 -0.0004345117740176917 -5.6159173201147725 -9.869971953721956 -15.665868067672172 -9.164580465400973e-05 -3.832797901523939 -4.3600774430703195 -6.782379208784738 -5.418556688126906 -7.109128711025482 -4.990527857437186 -6.080818840321267 -5.694777648076305 -6.140915166866041
XID:85	-3.0 -3.0 -0.0004345117740176917 -0.0004345117740176917 -0.0004345117740176917 -3.0 -3.0 -3.0 -3.0 -0.0004345117740176917 -3.0 -3.0 -3.0 -5.688903374000431 -10.981828131353085 -10.193171782670074 -4.833744586418718 -3.430321839664417 -4.671775383746652 -8.140476234738017 -4.246896691610137 -5.793835510231801 -0.0002141599743506492 -5.1342069150985346 -7.628909961554958 -4.751752012738619
XID:86	-3.0 -3.0 -0.0004345117740176917 -0.0004345117740176917 -0.0004345117740176917 -3.0 -3.0 -3.0 -3.0 -0.0004345117740176917 -3.0 -3.0 -3.0 -5.6159173201147725 -9.869971953721956 -15.665868067672172 -9.164580465400973e-05 -3.832797901523939 -4.3600774430703195 -6.782379208784738 -5.418556688126906 -7.109128711025482 -4.990527857437186 -6.080818840321267 -5.694777648076305 -6.140915166866041
XID:87	-3.0 -3.0 -0.0004345117740176917 -0.0004345117740176917 -0.0004345117740176917 -3.0 -3.0 -3.0 -3.0 -0.0004345117740176917 -3.0 -0.0004345117740176917 -3.0 -2.977687126084473 -5.329674348006655 -17.338511027043435 -3.175089629034325 -3.6664136929144657 -5.27010416936549 -5.076212158268941 -5.241121399744257 -1.239352134010278 -4.008298676292174 -1.318724382338797 -0.04993126790683806 -3.038093147586493
XID:88	-3.0 -3.0 -0.0004345117740176917 -0.0004345117740176917 -0.0004345117740176917 -3.0 -3.0 -3.0 -3.0 -0.0004345117740176917 -0.0004345117740176917 -3.0 -3.0 -5.2172673070232305 -9.638657535234534 -19.010835949545108 -5.341313347267104 -4.404187541773689 -7.283062258779202 -9.238098460484492 -4.553815568578388 -5.089542088787736 -4.064778999342294 -7.991753730910902e-05 -7.990094650184535 -4.948515610379528
XID:89	-3.0 -3.0 -0.0004345117740176917 -0.0004345117740176917 -0.0004345117740176917 -3.0 -3.0 -0.0004345117740176917 -3.0 -3.0 -3.0 -3.0 -3.0 -5.6159173201147725 -9.869971953721956 -15.665868067672172 -9.164580465400973e-05 -3.832797901523939 -4.3600774430703195 -6.782379208784738 -5.418556688126906 -7.109128711025482 -4.990527857437186 -6.080818840321267 -5.694777648076305 -6.140915166866041
XID:90	-3.0 -3.0 -0.0004345117740176917 -0.0004345117740176917 -0.0004345117740176917 -3.0 -3.0 -0.0004345117740176917 -3.0 -3.0 -3.0 -3.0 -3.0 -4.957767175944494 -11.948095352104561 -15.22711891264905 -5.121539676454337 -3.911042188605343 -4.818759700195464 -7.561723530299798 -0.00019591099258864296 -5.54880018129947 -3.733251034091798 -4.536044333859277 -8.249503176203737 -4.111092984288599
XID:91	-3.0 -3.0 -0.0004345117740176917 -0.0004345117740176917 -0.0004345117740176917 -3.0 -3.0 -0.0004345117740176917 -3.0 -3.0 -3.0 -0.0004345117740176917 -3.0 -4.957767175944494 -11.948095352104561 -15.22711891264905 -5.121539676454337 -3.911042188605343 -4.818759700195464 -7.561723530299798 -0.00019591099258864296 -5.54880018129947 -3.733251034091798 -4.536044333859277 -8.249503176203737 -4.111092984288599
XID:92	-3.0 -3.0 -0.0004345117740176917 -0.0004345117740176917 -0.0004345117740176917 -3.0 -3.0 -0.0004345117740176917 -3.0 -3.0 -3.0 -0.0004345117740176917 -3.0 -2.977687126084473 -5.329674348006655 -17.338511027043435 -3.175089629034325 -3.6664136929144657 -5.27010416936549 -5.076212158268941 -5.241121399744257 -1.239352134010278 -4.008298676292174 -1.318724382338797 -0.04993126790683806 -3.038093147586493
XID:93	-3.0 -3.0 -0.0004345117740176917 -0.0004345117740176917 -0.0004345117740176917 -3.0 -0.0004345117740176917 -3.0 -3.0 -3.0 -3.0 -3.0 -3.0 -5.716226280773476 -9.463492059723068 -17.23956922283775 -4.425656152760436 -3.1415337871077496 -2.263089024157932 -0.002977281915808842 -4.538920362660389 -5.136893746204258 -3.6386235181301276 -4.932795192023716 -6.676049052291608 -3.4737887032323593
XID:94	-3.0 -3.0 -0.0004345117740176917 -0.0004345117740176917 -0.0004345117740176917 -3.0 -0.0004345117740176917 -3.0 -3.0 -0.0004345117740176917 -3.0 -3.0 -3.0 -5.688903374000431 -10.981828131353085 -10.193171782670074 -4.833744586418718 -3.430321839664417 -4.671775383746652 -8.140476234738017 -4.246896691610137 -5.793835510231801 -0.0002141599743506492 -5.1342069150985346 -7.628909961554958 -4.751752012738619
XID:95	-3.0 -3.0 -0.0004345117740176917 -0.0004345117740176917 -0.0004345117740176917 -3.0 -0.0004345117740176917 -3.0 -3.0 -0.0004345117740176917 -3.0 -3.0 -3.0 -5.6159173201147725 -9.869971953721956 -15.665868067672172 -9.164580465400973e-05 -3.832797901523939 -4.3600774430703195 -6.782379208784738 -5.418556688126906 -7.109128711025482 -4.990527857437186 -6.080818840321267 -5.694777648076305 -6.140915166866041
XID:96	-3.0 -3.0 -0.0004345117740176917 -0.0004345117740176917 -0.0004345117740176917 -3.0 -0.0004345117740176917 -3.0 -3.0 -0.0004345117740176917 -0.0004345117740176917 -3.0 -3.0 -5.716226280773476 -9.463492059723068 -17.23956922283775 -4.425656152760436 -3.1415337871077496 -2.263089024157932 -0.002977281915808842 -4.538920362660389 -5.136893746204258 -3.6386235181301276 -4.932795192023716 -6.676049052291608 -3.4737887032323593
XID:97	-3.0 -3.0 -0.0004345117740176917 -0.0004345117740176917 -0.0004345117740176917 -0.0004345117740176917 -3.0 -3.0 -3.0 -3.0 -3.0 -3.0 -3.0 -5.6159173201147725 -9.869971953721956 -15.665868067672172 -9.164580465400973e-05 -3.832797901523939 -4.3600774430703195 -6.782379208784738 -5.418556688126906 -7.109128711025482 -4.990527857437186 -6.080818840321267 -5.694777648076305 -6.140915166866041
XID:98	-3.0 -3.0 -0.0004345117740176917 -0.0004345117740176917 -0.0004345117740176917 -0.0004345117740176917 -3.0 -3.0 -3.0 -3.0 -3.0 -3.0 -0.0004345117740176917 -4.944751670583876 -5.310498459898398 -15.233206568368203 -6.234336659785796 -4.536888249395955 -5.077948558479082 -6.572410036182155 -5.210642132427682 -4.411845988899362 -3.899340021694848 -4.897600600135017 -6.612879021066355 -0.00010337438873323567
XID:99	-3.0 -3.0 -0.0004345117740176917 -0.0004345117740176917 -0.0004345117740176917 -0.0004345117740176917 -3.0 -3.0 -3.0 -3.0 -3.0 -0.0004345117740176917 -3.0 -4.576911483889209 -12.002791913916532 -14.491759907236116 -4.321411520380626 -3.700446942625843 -0.0002710843438217735 -6.935523291586772 -5.193781348386156 -5.259805533490392 -3.501351792905967 -6.173111172360511 -8.478650053203935 -4.647298568840967

TraceID:0	(0,HashSet)	(1,<END>)
TraceID:1	(0,HashSet)	(1,size)	(2,<END>)
TraceID:2	(0,HashSet)	(1,remove:FALSE)	(3,<END>)
TraceID:3	(0,HashSet)	(1,size)	(2,isEmpty:TRUE)	(7,<END>)
TraceID:4	(0,HashSet)	(1,contains:FALSE)	(13,isEmpty:TRUE)	(19,<END>)
TraceID:5	(0,HashSet)	(1,contains:FALSE)	(13,contains:FALSE)	(13,<END>)
TraceID:6	(0,HashSet)	(1,remove:FALSE)	(3,remove:FALSE)	(3,<END>)
TraceID:7	(0,HashSet)	(1,isEmpty:TRUE)	(6,remove:FALSE)	(10,<END>)
TraceID:8	(0,HashSet)	(1,isEmpty:TRUE)	(6,contains:FALSE)	(20,<END>)
TraceID:9	(0,HashSet)	(1,isEmpty:TRUE)	(6,isEmpty:TRUE)	(6,<END>)
TraceID:10	(0,HashSet)	(1,iterator)	(5,isEmpty:TRUE)	(11,<END>)
TraceID:11	(0,HashSet)	(1,size)	(2,contains:FALSE)	(15,<END>)
TraceID:12	(0,HashSet)	(1,iterator)	(5,contains:FALSE)	(18,<END>)
TraceID:13	(0,HashSet)	(1,isEmpty:TRUE)	(6,add:TRUE)	(35,<END>)
TraceID:14	(0,HashSet)	(1,contains:FALSE)	(13,remove:FALSE)	(16,<END>)
TraceID:15	(0,HashSet)	(1,contains:FALSE)	(13,size)	(14,<END>)
TraceID:16	(0,HashSet)	(1,isEmpty:TRUE)	(6,iterator)	(12,<END>)
TraceID:17	(0,HashSet)	(1,add:TRUE)	(21,isEmpty:FALSE)	(41,remove:FALSE)	(44,<END>)
TraceID:18	(0,HashSet)	(1,add:TRUE)	(21,isEmpty:FALSE)	(41,size)	(43,<END>)
TraceID:19	(0,HashSet)	(1,add:TRUE)	(21,contains:FALSE)	(59,isEmpty:FALSE)	(70,<END>)
TraceID:20	(0,HashSet)	(1,size)	(2,size)	(2,remove:FALSE)	(4,<END>)
TraceID:21	(0,HashSet)	(1,isEmpty:TRUE)	(6,remove:FALSE)	(10,isEmpty:TRUE)	(9,<END>)
TraceID:22	(0,HashSet)	(1,add:TRUE)	(21,isEmpty:FALSE)	(41,iterator)	(47,<END>)
TraceID:23	(0,HashSet)	(1,add:TRUE)	(21,remove:FALSE)	(24,add:FALSE)	(82,<END>)
TraceID:24	(0,HashSet)	(1,add:TRUE)	(21,add:FALSE)	(79,iterator)	(85,<END>)
TraceID:25	(0,HashSet)	(1,add:TRUE)	(21,remove:FALSE)	(24,isEmpty:FALSE)	(45,<END>)
TraceID:26	(0,HashSet)	(1,contains:FALSE)	(13,remove:FALSE)	(16,contains:FALSE)	(17,<END>)
TraceID:27	(0,HashSet)	(1,add:TRUE)	(21,size)	(22,isEmpty:FALSE)	(42,<END>)
TraceID:28	(0,HashSet)	(1,add:TRUE)	(21,add:TRUE)	(21,contains:TRUE)	(51,isEmpty:FALSE)	(57,<END>)
TraceID:29	(0,HashSet)	(1,add:TRUE)	(21,contains:FALSE)	(59,add:FALSE)	(97,size)	(98,<END>)
TraceID:30	(0,HashSet)	(1,add:TRUE)	(21,add:TRUE)	(21,add:FALSE)	(79,remove:FALSE)	(83,<END>)
TraceID:31	(0,HashSet)	(1,add:TRUE)	(21,add:TRUE)	(21,contains:TRUE)	(51,remove:FALSE)	(54,<END>)
TraceID:32	(0,HashSet)	(1,add:TRUE)	(21,add:FALSE)	(79,isEmpty:FALSE)	(90,add:FALSE)	(89,<END>)
TraceID:33	(0,HashSet)	(1,add:TRUE)	(21,add:FALSE)	(79,contains:TRUE)	(93,iterator)	(94,<END>)
TraceID:34	(0,HashSet)	(1,add:TRUE)	(21,add:TRUE)	(21,contains:TRUE)	(51,add:TRUE)	(52,<END>)
TraceID:35	(0,HashSet)	(1,add:TRUE)	(21,add:TRUE)	(21,contains:TRUE)	(51,size)	(53,<END>)
TraceID:36	(0,HashSet)	(1,add:TRUE)	(21,remove:FALSE)	(24,iterator)	(30,isEmpty:FALSE)	(48,remove:TRUE)	(50,<END>)
TraceID:37	(0,HashSet)	(1,add:TRUE)	(21,isEmpty:FALSE)	(41,add:TRUE)	(40,remove:FALSE)	(44,remove:TRUE)	(46,<END>)
TraceID:38	(0,HashSet)	(1,isEmpty:TRUE)	(6,size)	(8,add:TRUE)	(36,remove:TRUE)	(38,add:TRUE)	(37,<END>)
TraceID:39	(0,HashSet)	(1,add:TRUE)	(21,remove:FALSE)	(24,iterator)	(30,size)	(31,contains:TRUE)	(56,<END>)
TraceID:40	(0,HashSet)	(1,add:TRUE)	(21,add:TRUE)	(21,isEmpty:FALSE)	(41,contains:FALSE)	(71,contains:TRUE)	(77,<END>)
TraceID:41	(0,HashSet)	(1,add:TRUE)	(21,add:TRUE)	(21,add:TRUE)	(21,remove:TRUE)	(23,add:FALSE)	(81,contains:FALSE)	(99,<END>)
TraceID:42	(0,HashSet)	(1,add:TRUE)	(21,add:TRUE)	(21,add:TRUE)	(21,remove:TRUE)	(23,contains:FALSE)	(60,iterator)	(65,<END>)
TraceID:43	(0,HashSet)	(1,iterator)	(5,iterator)	(5,add:TRUE)	(29,add:TRUE)	(29,contains:TRUE)	(55,add:FALSE)	(95,<END>)
TraceID:44	(0,HashSet)	(1,add:TRUE)	(21,add:TRUE)	(21,add:TRUE)	(21,add:TRUE)	(21,contains:FALSE)	(59,remove:TRUE)	(61,<END>)
TraceID:45	(0,HashSet)	(1,add:TRUE)	(21,add:TRUE)	(21,add:TRUE)	(21,iterator)	(28,add:FALSE)	(86,remove:TRUE)	(87,<END>)
TraceID:46	(0,HashSet)	(1,add:TRUE)	(21,add:FALSE)	(79,add:TRUE)	(80,iterator)	(85,remove:FALSE)	(88,contains:TRUE)	(96,<END>)
TraceID:47	(0,HashSet)	(1,add:TRUE)	(21,add:TRUE)	(21,add:FALSE)	(79,add:FALSE)	(79,isEmpty:FALSE)	(90,remove:TRUE)	(92,isEmpty:FALSE)	(91,<END>)
TraceID:48	(0,HashSet)	(1,add:TRUE)	(21,add:TRUE)	(21,add:TRUE)	(21,remove:TRUE)	(23,remove:FALSE)	(26,size)	(27,add:FALSE)	(84,<END>)
TraceID:49	(0,HashSet)	(1,add:TRUE)	(21,remove:FALSE)	(24,add:TRUE)	(25,isEmpty:FALSE)	(45,isEmpty:FALSE)	(45,contains:TRUE)	(58,contains:FALSE)	(78,<END>)
TraceID:50	(0,HashSet)	(1,add:TRUE)	(21,remove:FALSE)	(24,iterator)	(30,size)	(31,size)	(31,remove:TRUE)	(34,isEmpty:TRUE)	(39,<END>)
TraceID:51	(0,HashSet)	(1,add:TRUE)	(21,remove:FALSE)	(24,add:TRUE)	(25,add:TRUE)	(25,iterator)	(30,remove:TRUE)	(33,remove:TRUE)	(33,iterator)	(32,isEmpty:FALSE)	(49,<END>)
TraceID:52	(0,HashSet)	(1,add:TRUE)	(21,remove:FALSE)	(24,add:TRUE)	(25,add:TRUE)	(25,contains:FALSE)	(63,iterator)	(66,remove:FALSE)	(67,iterator)	(66,size)	(69,iterator)	(68,contains:TRUE)	(72,contains:TRUE)	(72,<END>)
TraceID:53	(0,HashSet)	(1,add:TRUE)	(21,remove:FALSE)	(24,add:TRUE)	(25,add:TRUE)	(25,contains:FALSE)	(63,add:TRUE)	(62,size)	(64,iterator)	(68,contains:TRUE)	(72,remove:TRUE)	(76,size)	(75,iterator)	(74,contains:TRUE)	(73,<END>)
